      TIME       MSD_x       DSD_y       MSD_z      MSD_xy      MSD_xz      MSD_yz     MSD_xyz       STD_x       STD_y       STD_z      STD_xy      STD_xz      STD_yz     STD_xyz        N_eff
5.00000e-01 8.08946e+00 8.73441e+00 8.75985e+00 1.68239e+01 1.68493e+01 1.74943e+01 2.55837e+01 3.27607e-02 3.53726e-02 3.54756e-02 4.81775e-02 4.82503e-02 5.00973e-02 5.98186e-02 3.47255e+00
1.50000e+00 1.88912e+01 2.09820e+01 2.11821e+01 3.98732e+01 4.00733e+01 4.21641e+01 6.10553e+01 1.18448e-01 1.31557e-01 1.32812e-01 1.76780e-01 1.77667e-01 1.86937e-01 2.21019e-01 8.39316e+00
2.50000e+00 2.90852e+01 3.34043e+01 3.39474e+01 6.24895e+01 6.30326e+01 6.73517e+01 9.64369e+01 2.32054e-01 2.66513e-01 2.70847e-01 3.52540e-01 3.55604e-01 3.79971e-01 4.44221e-01 1.33056e+01
3.50000e+00 3.88551e+01 4.56671e+01 4.70684e+01 8.45222e+01 8.59236e+01 9.27355e+01 1.31591e+02 3.67084e-01 4.31440e-01 4.44679e-01 5.64641e-01 5.74003e-01 6.19509e-01 7.17763e-01 1.82085e+01
4.50000e+00 4.81404e+01 5.79101e+01 6.05238e+01 1.06051e+02 1.08664e+02 1.18434e+02 1.66574e+02 5.18991e-01 6.24317e-01 6.52494e-01 8.08441e-01 8.28366e-01 9.02842e-01 1.03681e+00 2.31140e+01
5.50000e+00 5.72195e+01 7.00851e+01 7.43692e+01 1.27305e+02 1.31589e+02 1.44454e+02 2.01674e+02 6.87997e-01 8.42690e-01 8.94202e-01 1.08236e+00 1.11878e+00 1.22817e+00 1.40001e+00 2.80071e+01
6.50000e+00 6.59765e+01 8.24680e+01 8.88305e+01 1.48445e+02 1.54807e+02 1.71299e+02 2.37275e+02 8.68965e-01 1.08617e+00 1.16997e+00 1.38249e+00 1.44175e+00 1.59533e+00 1.80428e+00 3.28948e+01
7.50000e+00 7.45170e+01 9.47193e+01 1.03283e+02 1.69236e+02 1.77800e+02 1.98002e+02 2.72519e+02 1.06614e+00 1.35518e+00 1.47770e+00 1.71213e+00 1.79876e+00 2.00314e+00 2.25109e+00 3.77712e+01
8.50000e+00 8.26361e+01 1.06359e+02 1.18764e+02 1.88995e+02 2.01400e+02 2.25122e+02 3.07758e+02 1.27398e+00 1.63971e+00 1.83096e+00 2.06029e+00 2.19552e+00 2.45413e+00 2.73932e+00 4.26507e+01
9.50000e+00 9.08442e+01 1.18189e+02 1.34714e+02 2.09033e+02 2.25559e+02 2.52903e+02 3.43747e+02 1.49977e+00 1.95121e+00 2.22404e+00 2.44021e+00 2.63313e+00 2.95234e+00 3.27647e+00 4.75362e+01
1.05000e+01 9.82437e+01 1.30191e+02 1.50575e+02 2.28435e+02 2.48819e+02 2.80766e+02 3.79010e+02 1.72813e+00 2.29008e+00 2.64865e+00 2.84130e+00 3.09484e+00 3.49221e+00 3.84911e+00 5.24135e+01
1.15000e+01 1.05713e+02 1.41759e+02 1.66864e+02 2.47472e+02 2.72576e+02 3.08622e+02 4.14335e+02 1.97314e+00 2.64594e+00 3.11452e+00 3.26618e+00 3.59752e+00 4.07326e+00 4.46499e+00 5.72768e+01
1.25000e+01 1.12783e+02 1.53974e+02 1.83386e+02 2.66757e+02 2.96168e+02 3.37360e+02 4.50143e+02 2.22722e+00 3.04066e+00 3.62147e+00 3.72495e+00 4.13564e+00 4.71083e+00 5.13226e+00 6.21804e+01
1.35000e+01 1.19423e+02 1.66069e+02 2.00622e+02 2.85492e+02 3.20045e+02 3.66691e+02 4.86114e+02 2.48828e+00 3.46021e+00 4.18013e+00 4.20622e+00 4.71528e+00 5.40254e+00 5.84776e+00 6.70793e+01
1.45000e+01 1.25987e+02 1.77785e+02 2.18627e+02 3.03771e+02 3.44614e+02 3.96412e+02 5.22398e+02 2.75427e+00 3.88665e+00 4.77953e+00 4.69584e+00 5.32720e+00 6.12791e+00 6.59360e+00 7.19675e+01
1.55000e+01 1.32139e+02 1.90536e+02 2.35623e+02 3.22675e+02 3.67762e+02 4.26159e+02 5.58298e+02 3.03492e+00 4.37616e+00 5.41170e+00 5.24042e+00 5.97266e+00 6.92107e+00 7.40324e+00 7.68617e+01
1.65000e+01 1.38065e+02 2.03530e+02 2.53360e+02 3.41595e+02 3.91425e+02 4.56890e+02 5.94955e+02 3.32635e+00 4.90354e+00 6.10408e+00 5.81941e+00 6.66832e+00 7.78357e+00 8.27572e+00 8.17662e+01
1.75000e+01 1.43558e+02 2.16313e+02 2.71588e+02 3.59871e+02 4.15146e+02 4.87900e+02 6.31458e+02 3.62317e+00 5.45938e+00 6.85444e+00 6.42234e+00 7.40879e+00 8.70718e+00 9.20123e+00 8.66642e+01
1.85000e+01 1.49891e+02 2.29412e+02 2.90276e+02 3.79303e+02 4.40167e+02 5.19688e+02 6.69579e+02 3.95826e+00 6.05820e+00 7.66548e+00 7.08271e+00 8.21923e+00 9.70411e+00 1.02087e+01 9.15380e+01
1.95000e+01 1.55273e+02 2.41471e+02 3.07825e+02 3.96744e+02 4.63098e+02 5.49296e+02 7.04569e+02 4.28691e+00 6.66674e+00 8.49869e+00 7.74540e+00 9.04079e+00 1.07236e+01 1.12308e+01 9.64160e+01
2.05000e+01 1.60491e+02 2.53626e+02 3.26579e+02 4.14117e+02 4.87070e+02 5.80205e+02 7.40696e+02 4.62931e+00 7.31575e+00 9.42007e+00 8.44644e+00 9.93442e+00 1.18340e+01 1.23352e+01 1.01290e+02
2.15000e+01 1.65845e+02 2.65963e+02 3.45696e+02 4.31808e+02 5.11541e+02 6.11659e+02 7.77504e+02 4.99619e+00 8.01231e+00 1.04143e+01 9.19840e+00 1.08969e+01 1.30296e+01 1.35232e+01 1.06187e+02
2.25000e+01 1.71783e+02 2.78406e+02 3.64630e+02 4.50190e+02 5.36413e+02 6.43036e+02 8.14820e+02 5.40250e+00 8.75575e+00 1.14674e+01 1.00114e+01 1.19288e+01 1.43000e+01 1.47950e+01 1.11052e+02
2.35000e+01 1.76460e+02 2.89607e+02 3.83994e+02 4.66067e+02 5.60454e+02 6.73602e+02 8.50061e+02 5.76793e+00 9.46640e+00 1.25516e+01 1.07723e+01 1.29539e+01 1.55691e+01 1.60422e+01 1.15938e+02
2.45000e+01 1.81838e+02 3.02839e+02 4.03528e+02 4.84677e+02 5.85365e+02 7.06367e+02 8.88205e+02 6.20353e+00 1.03316e+01 1.37666e+01 1.16921e+01 1.41210e+01 1.70400e+01 1.74947e+01 1.20824e+02
2.55000e+01 1.86848e+02 3.14753e+02 4.23492e+02 5.01600e+02 6.10340e+02 7.38245e+02 9.25093e+02 6.65464e+00 1.12100e+01 1.50828e+01 1.26322e+01 1.53707e+01 1.85919e+01 1.90223e+01 1.25736e+02
2.65000e+01 1.90564e+02 3.28572e+02 4.45294e+02 5.19136e+02 6.35858e+02 7.73866e+02 9.64430e+02 7.08730e+00 1.22199e+01 1.65610e+01 1.36523e+01 1.67219e+01 2.03512e+01 2.07085e+01 1.30636e+02
2.75000e+01 1.94776e+02 3.40272e+02 4.68920e+02 5.35047e+02 6.63695e+02 8.09192e+02 1.00397e+03 7.56770e+00 1.32207e+01 1.82191e+01 1.46996e+01 1.82340e+01 2.22313e+01 2.25210e+01 1.35530e+02
2.85000e+01 2.00573e+02 3.54004e+02 4.90177e+02 5.54577e+02 6.90750e+02 8.44181e+02 1.04475e+03 8.14761e+00 1.43803e+01 1.99118e+01 1.59296e+01 1.98410e+01 2.42482e+01 2.45026e+01 1.40454e+02
2.95000e+01 2.05223e+02 3.66087e+02 5.13458e+02 5.71310e+02 7.18681e+02 8.79545e+02 1.08477e+03 8.72021e+00 1.55556e+01 2.18176e+01 1.71656e+01 2.15935e+01 2.64268e+01 2.66120e+01 1.45272e+02
3.05000e+01 2.09342e+02 3.78120e+02 5.37198e+02 5.87462e+02 7.46540e+02 9.15318e+02 1.12466e+03 9.31509e+00 1.68252e+01 2.39037e+01 1.84840e+01 2.34892e+01 2.87997e+01 2.88929e+01 1.50108e+02
