      TIME       MSD_x       DSD_y       MSD_z      MSD_xy      MSD_xz      MSD_yz     MSD_xyz       STD_x       STD_y       STD_z      STD_xy      STD_xz      STD_yz     STD_xyz        N_eff
5.00000e-01 3.25399e+00 3.21911e+00 3.21867e+00 6.47310e+00 6.47266e+00 6.43778e+00 9.69177e+00 2.93451e-02 2.90305e-02 2.90265e-02 4.12778e-02 4.12750e-02 4.10525e-02 5.04617e-02 1.49540e+00
1.50000e+00 5.37946e+00 5.30459e+00 5.28637e+00 1.06840e+01 1.06658e+01 1.05910e+01 1.59704e+01 5.86533e-02 5.78369e-02 5.76383e-02 8.23710e-02 8.22306e-02 8.16533e-02 1.00533e-01 2.47233e+00
2.50000e+00 7.60405e+00 7.46023e+00 7.46133e+00 1.50643e+01 1.50654e+01 1.49216e+01 2.25256e+01 9.66107e-02 9.47835e-02 9.47974e-02 1.35336e-01 1.35346e-01 1.34054e-01 1.65233e-01 3.48825e+00
3.50000e+00 9.72317e+00 9.34093e+00 9.57467e+00 1.90641e+01 1.92978e+01 1.89156e+01 2.86388e+01 1.38942e-01 1.33480e-01 1.36819e-01 1.92631e-01 1.94993e-01 1.91130e-01 2.36275e-01 4.48227e+00
4.50000e+00 1.19871e+01 1.16957e+01 1.17837e+01 2.36828e+01 2.37709e+01 2.34795e+01 3.54666e+01 1.88381e-01 1.83802e-01 1.85185e-01 2.63173e-01 2.64151e-01 2.60913e-01 3.21797e-01 5.46447e+00
5.50000e+00 1.39852e+01 1.35268e+01 1.35371e+01 2.75120e+01 2.75223e+01 2.70639e+01 4.10491e+01 2.37681e-01 2.29891e-01 2.30066e-01 3.30624e-01 3.30747e-01 3.25239e-01 4.02782e-01 6.41977e+00
6.50000e+00 1.66304e+01 1.55932e+01 1.57407e+01 3.22236e+01 3.23711e+01 3.13339e+01 4.79643e+01 3.03804e-01 2.84857e-01 2.87552e-01 4.16246e-01 4.18152e-01 4.04754e-01 5.05882e-01 7.43996e+00
7.50000e+00 1.87434e+01 1.75223e+01 1.74328e+01 3.62656e+01 3.61762e+01 3.49551e+01 5.36985e+01 3.63931e-01 3.40222e-01 3.38485e-01 4.97911e-01 4.96683e-01 4.79918e-01 6.01967e-01 8.42120e+00
8.50000e+00 2.06513e+01 1.95123e+01 2.00264e+01 4.01637e+01 4.06777e+01 3.95387e+01 6.01900e+01 4.23324e-01 3.99976e-01 4.10513e-01 5.82161e-01 5.89612e-01 5.73102e-01 7.12342e-01 9.39874e+00
9.50000e+00 2.32039e+01 2.19684e+01 2.18840e+01 4.51724e+01 4.50879e+01 4.38524e+01 6.70563e+01 4.99310e-01 4.72724e-01 4.70906e-01 6.87332e-01 6.86047e-01 6.67248e-01 8.33082e-01 1.03672e+01
1.05000e+01 2.52368e+01 2.36842e+01 2.40530e+01 4.89210e+01 4.92899e+01 4.77372e+01 7.29741e+01 5.67575e-01 5.32656e-01 5.40951e-01 7.77981e-01 7.83847e-01 7.59155e-01 9.47537e-01 1.13328e+01
1.15000e+01 2.73842e+01 2.63165e+01 2.61649e+01 5.37007e+01 5.35491e+01 5.24814e+01 7.98656e+01 6.42062e-01 6.17027e-01 6.13474e-01 8.90310e-01 8.87797e-01 8.70095e-01 1.08112e+00 1.23243e+01
1.25000e+01 2.99887e+01 2.77503e+01 2.85385e+01 5.77391e+01 5.85273e+01 5.62889e+01 8.62776e+01 7.30631e-01 6.76096e-01 6.95299e-01 9.94706e-01 1.00828e+00 9.69723e-01 1.21361e+00 1.33132e+01
1.35000e+01 3.20069e+01 2.94489e+01 3.02989e+01 6.14558e+01 6.23058e+01 5.97477e+01 9.17546e+01 8.07859e-01 7.43293e-01 7.64747e-01 1.09683e+00 1.11200e+00 1.06635e+00 1.33708e+00 1.42935e+01
1.45000e+01 3.46203e+01 3.19784e+01 3.18500e+01 6.65987e+01 6.64703e+01 6.38284e+01 9.84487e+01 9.04735e-01 8.35694e-01 8.32339e-01 1.23067e+00 1.22830e+00 1.17948e+00 1.48539e+00 1.53272e+01
1.55000e+01 3.65626e+01 3.41287e+01 3.40191e+01 7.06912e+01 7.05816e+01 6.81477e+01 1.04710e+02 9.84997e-01 9.19429e-01 9.16475e-01 1.34663e+00 1.34454e+00 1.29818e+00 1.62865e+00 1.62920e+01
1.65000e+01 3.96015e+01 3.62736e+01 3.63602e+01 7.58751e+01 7.59618e+01 7.26338e+01 1.12235e+02 1.09950e+00 1.00710e+00 1.00951e+00 1.48959e+00 1.49129e+00 1.42596e+00 1.79908e+00 1.73071e+01
1.75000e+01 4.17136e+01 3.82645e+01 3.87006e+01 7.99781e+01 8.04142e+01 7.69651e+01 1.18679e+02 1.19097e+00 1.09249e+00 1.10494e+00 1.61465e+00 1.62345e+00 1.55382e+00 1.95630e+00 1.83050e+01
1.85000e+01 4.35617e+01 4.07482e+01 4.06043e+01 8.43098e+01 8.41660e+01 8.13525e+01 1.24914e+02 1.27644e+00 1.19400e+00 1.18978e+00 1.74686e+00 1.74388e+00 1.68559e+00 2.11323e+00 1.92828e+01
1.95000e+01 4.69808e+01 4.20125e+01 4.23987e+01 8.89933e+01 8.93795e+01 8.44113e+01 1.31392e+02 1.41375e+00 1.26424e+00 1.27586e+00 1.89362e+00 1.90184e+00 1.79612e+00 2.28276e+00 2.03390e+01
2.05000e+01 4.82111e+01 4.47476e+01 4.42994e+01 9.29588e+01 9.25105e+01 8.90470e+01 1.37258e+02 1.48416e+00 1.37754e+00 1.36374e+00 2.02353e+00 2.01377e+00 1.93838e+00 2.43956e+00 2.12878e+01
2.15000e+01 5.06653e+01 4.57944e+01 4.69668e+01 9.64596e+01 9.76320e+01 9.27611e+01 1.43426e+02 1.59642e+00 1.44294e+00 1.47988e+00 2.14915e+00 2.17527e+00 2.06675e+00 2.60919e+00 2.23032e+01
2.25000e+01 5.30814e+01 4.79968e+01 4.85317e+01 1.01078e+02 1.01613e+02 9.65285e+01 1.49610e+02 1.70847e+00 1.54482e+00 1.56203e+00 2.30042e+00 2.31260e+00 2.19687e+00 2.78013e+00 2.32728e+01
2.35000e+01 5.39980e+01 5.03453e+01 5.09679e+01 1.04343e+02 1.04966e+02 1.01313e+02 1.55311e+02 1.77471e+00 1.65466e+00 1.67513e+00 2.42494e+00 2.43941e+00 2.35452e+00 2.94709e+00 2.42684e+01
2.45000e+01 5.74088e+01 5.32853e+01 5.31448e+01 1.10694e+02 1.10554e+02 1.06430e+02 1.63839e+02 1.92516e+00 1.78688e+00 1.78217e+00 2.62481e+00 2.62148e+00 2.52370e+00 3.17208e+00 2.52658e+01
2.55000e+01 5.90988e+01 5.45078e+01 5.56878e+01 1.13607e+02 1.14787e+02 1.10196e+02 1.69294e+02 2.02032e+00 1.86338e+00 1.90372e+00 2.74619e+00 2.77472e+00 2.66374e+00 3.34137e+00 2.62577e+01
2.65000e+01 6.20021e+01 5.79490e+01 5.74713e+01 1.19951e+02 1.19473e+02 1.15420e+02 1.77422e+02 2.15911e+00 2.01797e+00 2.00134e+00 2.95365e+00 2.94188e+00 2.84208e+00 3.56711e+00 2.72472e+01
2.75000e+01 6.38504e+01 6.00666e+01 6.06838e+01 1.23917e+02 1.24534e+02 1.20750e+02 1.84601e+02 2.26319e+00 2.12907e+00 2.15095e+00 3.10580e+00 3.12127e+00 3.02643e+00 3.77772e+00 2.82297e+01
2.85000e+01 6.55407e+01 6.18456e+01 6.20252e+01 1.27386e+02 1.27566e+02 1.23871e+02 1.89411e+02 2.36433e+00 2.23103e+00 2.23751e+00 3.24941e+00 3.25399e+00 3.15974e+00 3.94496e+00 2.92411e+01
2.95000e+01 6.83126e+01 6.52056e+01 6.42806e+01 1.33518e+02 1.32593e+02 1.29486e+02 1.97799e+02 2.50488e+00 2.39095e+00 2.35703e+00 3.46187e+00 3.43789e+00 3.35733e+00 4.18744e+00 3.02117e+01
3.05000e+01 7.15479e+01 6.67893e+01 6.68184e+01 1.38337e+02 1.38366e+02 1.33608e+02 2.05156e+02 2.66741e+00 2.49000e+00 2.49108e+00 3.64684e+00 3.64760e+00 3.52216e+00 4.41586e+00 3.12316e+01
3.15000e+01 7.26649e+01 6.88090e+01 6.85139e+01 1.41474e+02 1.41179e+02 1.37323e+02 2.09988e+02 2.74920e+00 2.60332e+00 2.59215e+00 3.78480e+00 3.77691e+00 3.67375e+00 4.58686e+00 3.21643e+01
3.25000e+01 7.50047e+01 7.17415e+01 7.18835e+01 1.46746e+02 1.46888e+02 1.43625e+02 2.18630e+02 2.88409e+00 2.75862e+00 2.76408e+00 3.99000e+00 3.99386e+00 3.90514e+00 4.85366e+00 3.32243e+01
3.35000e+01 7.71210e+01 7.41620e+01 7.31155e+01 1.51283e+02 1.50237e+02 1.47277e+02 2.24398e+02 3.00855e+00 2.89312e+00 2.85229e+00 4.17311e+00 4.14424e+00 4.06262e+00 5.05410e+00 3.41966e+01
3.45000e+01 7.96526e+01 7.55354e+01 7.49908e+01 1.55188e+02 1.54643e+02 1.50526e+02 2.30179e+02 3.15709e+00 2.99390e+00 2.97232e+00 4.34941e+00 4.33415e+00 4.21876e+00 5.26735e+00 3.53012e+01
3.55000e+01 8.17864e+01 7.75629e+01 7.73795e+01 1.59349e+02 1.59166e+02 1.54942e+02 2.36729e+02 3.28140e+00 3.11195e+00 3.10459e+00 4.52079e+00 4.51558e+00 4.39576e+00 5.48364e+00 3.61717e+01
3.65000e+01 8.23966e+01 7.99610e+01 8.06289e+01 1.62358e+02 1.63026e+02 1.60590e+02 2.42987e+02 3.35242e+00 3.25333e+00 3.28050e+00 4.67097e+00 4.69019e+00 4.62012e+00 5.70783e+00 3.71971e+01
3.75000e+01 8.51531e+01 8.28171e+01 8.25996e+01 1.67970e+02 1.67753e+02 1.65417e+02 2.50570e+02 3.51010e+00 3.41381e+00 3.40485e+00 4.89595e+00 4.88961e+00 4.82152e+00 5.96331e+00 3.81809e+01
3.85000e+01 8.79317e+01 8.43077e+01 8.33129e+01 1.72239e+02 1.71245e+02 1.67621e+02 2.55552e+02 3.66614e+00 3.51504e+00 3.47356e+00 5.07786e+00 5.04853e+00 4.94169e+00 6.15152e+00 3.90597e+01
3.95000e+01 9.04461e+01 8.72661e+01 8.51835e+01 1.77712e+02 1.75630e+02 1.72450e+02 2.62896e+02 3.82073e+00 3.68640e+00 3.59843e+00 5.30834e+00 5.24614e+00 5.15115e+00 6.41180e+00 4.00970e+01
4.05000e+01 9.33511e+01 9.00226e+01 8.74918e+01 1.83374e+02 1.80843e+02 1.77514e+02 2.70866e+02 3.99008e+00 3.84781e+00 3.73964e+00 5.54223e+00 5.46574e+00 5.36514e+00 6.68429e+00 4.10505e+01
4.15000e+01 9.54541e+01 9.18733e+01 8.96309e+01 1.87327e+02 1.85085e+02 1.81504e+02 2.76958e+02 4.12950e+00 3.97459e+00 3.87758e+00 5.73045e+00 5.66186e+00 5.55232e+00 6.91761e+00 4.20527e+01
4.25000e+01 9.68473e+01 9.13037e+01 9.09114e+01 1.88151e+02 1.87759e+02 1.82215e+02 2.79062e+02 4.23586e+00 3.99339e+00 3.97624e+00 5.81896e+00 5.80683e+00 5.63538e+00 7.04684e+00 4.29839e+01
4.35000e+01 1.00369e+02 9.48257e+01 9.36072e+01 1.95194e+02 1.93976e+02 1.88433e+02 2.88802e+02 4.44173e+00 4.19642e+00 4.14250e+00 6.10809e+00 6.06996e+00 5.89651e+00 7.37891e+00 4.40032e+01
4.45000e+01 1.02500e+02 9.81713e+01 9.35659e+01 2.00671e+02 1.96066e+02 1.91737e+02 2.94237e+02 4.58553e+00 4.39189e+00 4.18586e+00 6.34799e+00 6.20231e+00 6.06538e+00 7.59982e+00 4.49697e+01
4.55000e+01 1.03958e+02 9.96406e+01 9.62539e+01 2.03598e+02 2.00211e+02 1.95894e+02 2.99852e+02 4.70568e+00 4.51027e+00 4.35697e+00 6.51667e+00 6.40826e+00 6.27009e+00 7.83633e+00 4.60362e+01
4.65000e+01 1.05674e+02 9.93726e+01 9.93596e+01 2.05046e+02 2.05033e+02 1.98732e+02 3.04406e+02 4.83122e+00 4.54315e+00 4.54255e+00 6.62868e+00 6.62826e+00 6.42456e+00 8.03494e+00 4.69627e+01
4.75000e+01 1.08051e+02 1.02695e+02 1.01124e+02 2.10746e+02 2.09175e+02 2.03819e+02 3.11870e+02 4.98914e+00 4.74185e+00 4.66928e+00 6.88085e+00 6.82954e+00 6.65467e+00 8.31400e+00 4.79028e+01
4.85000e+01 1.12318e+02 1.05340e+02 1.02837e+02 2.17658e+02 2.15154e+02 2.08177e+02 3.20494e+02 5.24377e+00 4.91801e+00 4.80113e+00 7.18546e+00 7.10281e+00 6.87247e+00 8.63884e+00 4.89724e+01
4.95000e+01 1.15939e+02 1.08291e+02 1.05550e+02 2.24230e+02 2.21490e+02 2.13841e+02 3.29781e+02 5.46625e+00 5.10564e+00 4.97643e+00 7.47545e+00 7.38409e+00 7.12910e+00 8.97683e+00 4.99423e+01
5.05000e+01 1.15419e+02 1.09421e+02 1.07328e+02 2.24840e+02 2.22747e+02 2.16749e+02 3.32168e+02 5.49555e+00 5.20993e+00 5.11026e+00 7.56992e+00 7.49944e+00 7.29748e+00 9.13122e+00 5.09340e+01
5.15000e+01 1.17976e+02 1.12332e+02 1.08327e+02 2.30308e+02 2.26303e+02 2.20659e+02 3.38635e+02 5.67257e+00 5.40120e+00 5.20862e+00 7.83034e+00 7.69417e+00 7.50228e+00 9.40065e+00 5.19411e+01
5.25000e+01 1.21233e+02 1.15432e+02 1.10853e+02 2.36665e+02 2.32087e+02 2.26285e+02 3.47518e+02 5.88394e+00 5.60238e+00 5.38017e+00 8.12205e+00 7.96493e+00 7.76584e+00 9.73787e+00 5.29204e+01
5.35000e+01 1.22085e+02 1.15968e+02 1.13549e+02 2.38053e+02 2.35634e+02 2.29517e+02 3.51602e+02 5.97691e+00 5.67746e+00 5.55900e+00 8.24089e+00 8.15712e+00 7.94538e+00 9.93815e+00 5.38456e+01
5.45000e+01 1.24011e+02 1.17868e+02 1.16360e+02 2.41879e+02 2.40371e+02 2.34228e+02 3.58239e+02 6.13249e+00 5.82870e+00 5.75415e+00 8.45784e+00 8.40513e+00 8.19031e+00 1.02280e+01 5.49372e+01
5.55000e+01 1.29052e+02 1.20239e+02 1.17503e+02 2.49291e+02 2.46554e+02 2.37742e+02 3.66794e+02 6.43886e+00 5.99919e+00 5.86264e+00 8.79503e+00 8.69848e+00 8.38758e+00 1.05659e+01 5.59236e+01
5.65000e+01 1.28640e+02 1.21036e+02 1.18739e+02 2.49676e+02 2.47379e+02 2.39776e+02 3.68416e+02 6.46779e+00 6.08549e+00 5.97001e+00 8.87651e+00 8.79485e+00 8.52453e+00 1.06944e+01 5.67879e+01
5.75000e+01 1.31596e+02 1.24774e+02 1.19909e+02 2.56369e+02 2.51505e+02 2.44683e+02 3.76279e+02 6.67571e+00 6.32964e+00 6.08288e+00 9.19617e+00 9.02168e+00 8.77697e+00 1.10206e+01 5.78093e+01
5.85000e+01 1.31828e+02 1.27274e+02 1.20218e+02 2.59103e+02 2.52046e+02 2.47492e+02 3.79321e+02 6.74520e+00 6.51220e+00 6.15115e+00 9.37440e+00 9.11909e+00 8.95434e+00 1.12055e+01 5.88100e+01
5.95000e+01 1.35640e+02 1.28934e+02 1.25055e+02 2.64574e+02 2.60695e+02 2.53989e+02 3.89629e+02 6.99728e+00 6.65132e+00 6.45120e+00 9.65102e+00 9.50951e+00 9.26488e+00 1.16046e+01 5.97792e+01
6.05000e+01 1.36747e+02 1.30949e+02 1.24710e+02 2.67695e+02 2.61456e+02 2.55658e+02 3.92405e+02 7.11026e+00 6.80880e+00 6.48439e+00 9.84227e+00 9.61287e+00 9.39971e+00 1.17799e+01 6.07293e+01
6.15000e+01 1.40232e+02 1.30570e+02 1.29798e+02 2.70802e+02 2.70030e+02 2.60368e+02 4.00600e+02 7.35559e+00 6.84880e+00 6.80831e+00 1.00440e+01 1.00154e+01 9.65704e+00 1.21317e+01 6.18005e+01
6.25000e+01 1.42822e+02 1.31246e+02 1.31429e+02 2.74068e+02 2.74251e+02 2.62676e+02 4.05498e+02 7.54718e+00 6.93550e+00 6.94517e+00 1.02408e+01 1.02476e+01 9.81511e+00 1.23714e+01 6.27224e+01
6.35000e+01 1.44689e+02 1.35153e+02 1.31250e+02 2.79842e+02 2.75939e+02 2.66403e+02 4.11092e+02 7.70829e+00 7.20025e+00 6.99234e+00 1.05419e+01 1.03949e+01 1.00357e+01 1.26445e+01 6.37498e+01
6.45000e+01 1.48539e+02 1.39162e+02 1.36290e+02 2.87701e+02 2.84829e+02 2.75451e+02 4.23991e+02 7.97169e+00 7.46842e+00 7.31427e+00 1.09178e+01 1.08088e+01 1.04529e+01 1.31372e+01 6.46905e+01
6.55000e+01 1.49609e+02 1.41817e+02 1.36985e+02 2.91425e+02 2.86594e+02 2.78802e+02 4.28411e+02 8.09538e+00 7.67377e+00 7.41233e+00 1.11505e+01 1.09656e+01 1.06675e+01 1.33838e+01 6.57621e+01
6.65000e+01 1.52346e+02 1.42061e+02 1.39235e+02 2.94407e+02 2.91581e+02 2.81296e+02 4.33642e+02 8.30528e+00 7.74462e+00 7.59053e+00 1.13490e+01 1.12400e+01 1.08436e+01 1.36488e+01 6.67503e+01
6.75000e+01 1.53263e+02 1.44313e+02 1.42232e+02 2.97576e+02 2.95495e+02 2.86545e+02 4.39808e+02 8.41604e+00 7.92459e+00 7.81034e+00 1.15546e+01 1.14738e+01 1.11263e+01 1.39436e+01 6.77233e+01
6.85000e+01 1.53966e+02 1.44982e+02 1.42394e+02 2.98948e+02 2.96360e+02 2.87376e+02 4.41342e+02 8.51563e+00 8.01872e+00 7.87558e+00 1.16916e+01 1.15903e+01 1.12390e+01 1.40931e+01 6.87019e+01
6.95000e+01 1.55718e+02 1.48561e+02 1.44822e+02 3.04279e+02 3.00541e+02 2.93383e+02 4.49101e+02 8.67912e+00 8.28019e+00 8.07181e+00 1.19920e+01 1.18447e+01 1.15626e+01 1.44517e+01 6.97667e+01
7.05000e+01 1.58224e+02 1.51120e+02 1.48431e+02 3.09344e+02 3.06655e+02 2.99551e+02 4.57775e+02 8.87835e+00 8.47969e+00 8.32883e+00 1.22740e+01 1.21673e+01 1.18854e+01 1.48303e+01 7.07108e+01
7.15000e+01 1.61753e+02 1.52933e+02 1.49903e+02 3.14686e+02 3.11656e+02 3.02836e+02 4.64589e+02 9.14449e+00 8.64586e+00 8.47455e+00 1.25797e+01 1.24585e+01 1.21060e+01 1.51640e+01 7.17745e+01
7.25000e+01 1.61638e+02 1.54106e+02 1.51265e+02 3.15744e+02 3.12903e+02 3.05371e+02 4.67009e+02 9.19932e+00 8.77063e+00 8.60893e+00 1.27067e+01 1.25923e+01 1.22892e+01 1.53453e+01 7.27394e+01
7.35000e+01 1.66117e+02 1.53392e+02 1.55937e+02 3.19509e+02 3.22054e+02 3.09329e+02 4.75446e+02 9.52104e+00 8.79168e+00 8.93758e+00 1.29490e+01 1.30522e+01 1.25365e+01 1.57330e+01 7.37697e+01
7.45000e+01 1.68957e+02 1.56509e+02 1.56272e+02 3.25467e+02 3.25230e+02 3.12782e+02 4.81739e+02 9.73749e+00 9.02008e+00 9.00641e+00 1.32636e+01 1.32539e+01 1.27467e+01 1.60295e+01 7.45877e+01
7.55000e+01 1.68435e+02 1.59333e+02 1.59360e+02 3.27767e+02 3.27794e+02 3.18692e+02 4.87127e+02 9.78234e+00 9.25370e+00 9.25527e+00 1.34605e+01 1.34616e+01 1.30878e+01 1.63340e+01 7.57425e+01
7.65000e+01 1.71694e+02 1.59088e+02 1.59962e+02 3.30782e+02 3.31656e+02 3.19050e+02 4.90744e+02 1.00292e+01 9.29284e+00 9.34390e+00 1.36628e+01 1.36989e+01 1.31782e+01 1.65503e+01 7.66180e+01
7.75000e+01 1.74502e+02 1.61137e+02 1.59843e+02 3.35638e+02 3.34344e+02 3.20979e+02 4.95481e+02 1.02617e+01 9.47579e+00 9.39971e+00 1.39565e+01 1.39027e+01 1.33470e+01 1.68224e+01 7.76497e+01
7.85000e+01 1.74853e+02 1.65179e+02 1.66925e+02 3.40032e+02 3.41778e+02 3.32104e+02 5.06957e+02 1.03499e+01 9.77734e+00 9.88068e+00 1.42321e+01 1.43052e+01 1.39003e+01 1.73251e+01 7.86717e+01
7.95000e+01 1.77911e+02 1.66888e+02 1.67400e+02 3.44799e+02 3.45311e+02 3.34288e+02 5.12199e+02 1.05918e+01 9.93553e+00 9.96605e+00 1.45150e+01 1.45366e+01 1.40725e+01 1.76054e+01 7.95813e+01
8.05000e+01 1.79959e+02 1.70745e+02 1.70116e+02 3.50704e+02 3.50075e+02 3.40861e+02 5.20820e+02 1.07799e+01 1.02279e+01 1.01902e+01 1.48548e+01 1.48281e+01 1.44378e+01 1.80122e+01 8.05650e+01
8.15000e+01 1.84052e+02 1.70420e+02 1.72427e+02 3.54472e+02 3.56480e+02 3.42847e+02 5.26900e+02 1.11006e+01 1.02784e+01 1.03995e+01 1.51172e+01 1.52028e+01 1.46215e+01 1.83473e+01 8.16710e+01
8.25000e+01 1.85470e+02 1.72913e+02 1.74172e+02 3.58383e+02 3.59641e+02 3.47084e+02 5.32554e+02 1.12544e+01 1.04925e+01 1.05689e+01 1.53774e+01 1.54314e+01 1.48926e+01 1.86575e+01 8.26702e+01
8.35000e+01 1.86994e+02 1.73886e+02 1.75258e+02 3.60880e+02 3.62252e+02 3.49144e+02 5.36139e+02 1.14155e+01 1.06153e+01 1.06991e+01 1.55782e+01 1.56374e+01 1.50716e+01 1.88966e+01 8.36708e+01
8.45000e+01 1.90377e+02 1.76821e+02 1.79449e+02 3.67198e+02 3.69825e+02 3.56270e+02 5.46647e+02 1.16830e+01 1.08512e+01 1.10124e+01 1.59341e+01 1.60481e+01 1.54599e+01 1.93682e+01 8.45496e+01
8.55000e+01 1.91832e+02 1.77874e+02 1.80640e+02 3.69706e+02 3.72471e+02 3.58514e+02 5.50346e+02 1.18479e+01 1.09858e+01 1.11566e+01 1.61459e+01 1.62666e+01 1.56571e+01 1.96243e+01 8.56359e+01
8.65000e+01 1.91491e+02 1.82829e+02 1.83505e+02 3.74320e+02 3.74996e+02 3.66334e+02 5.57825e+02 1.18898e+01 1.13520e+01 1.13940e+01 1.64345e+01 1.64641e+01 1.60838e+01 1.99970e+01 8.65489e+01
8.75000e+01 1.96795e+02 1.81574e+02 1.86654e+02 3.78369e+02 3.83449e+02 3.68228e+02 5.65023e+02 1.22868e+01 1.13365e+01 1.16537e+01 1.67042e+01 1.69285e+01 1.62565e+01 2.03672e+01 8.75077e+01
8.85000e+01 1.98425e+02 1.83416e+02 1.89722e+02 3.81841e+02 3.88147e+02 3.73138e+02 5.71563e+02 1.24622e+01 1.15195e+01 1.19156e+01 1.69577e+01 1.72377e+01 1.65711e+01 2.07253e+01 8.85487e+01
8.95000e+01 1.99245e+02 1.86614e+02 1.89838e+02 3.85859e+02 3.89084e+02 3.76452e+02 5.75698e+02 1.25829e+01 1.17852e+01 1.19888e+01 1.72308e+01 1.73748e+01 1.68108e+01 2.09907e+01 8.95282e+01
9.05000e+01 2.01451e+02 1.88021e+02 1.91327e+02 3.89472e+02 3.92779e+02 3.79348e+02 5.80799e+02 1.27926e+01 1.19398e+01 1.21497e+01 1.74884e+01 1.76369e+01 1.70338e+01 2.12939e+01 9.05201e+01
9.15000e+01 2.03242e+02 1.88328e+02 1.93088e+02 3.91571e+02 3.96330e+02 3.81416e+02 5.84658e+02 1.29778e+01 1.20254e+01 1.23293e+01 1.76799e+01 1.78948e+01 1.72214e+01 2.15540e+01 9.15221e+01
9.25000e+01 2.06676e+02 1.94075e+02 1.96608e+02 4.00751e+02 4.03284e+02 3.90683e+02 5.97359e+02 1.32700e+01 1.24609e+01 1.26235e+01 1.81945e+01 1.83095e+01 1.77374e+01 2.21439e+01 9.25347e+01
9.35000e+01 2.09167e+02 1.95055e+02 1.99437e+02 4.04222e+02 4.08604e+02 3.94492e+02 6.03659e+02 1.35005e+01 1.25896e+01 1.28725e+01 1.84485e+01 1.86485e+01 1.80044e+01 2.24951e+01 9.35075e+01
9.45000e+01 2.13405e+02 1.96414e+02 2.04615e+02 4.09819e+02 4.18020e+02 4.01029e+02 6.14434e+02 1.38497e+01 1.27470e+01 1.32792e+01 1.88067e+01 1.91830e+01 1.84033e+01 2.30223e+01 9.45353e+01
9.55000e+01 2.10933e+02 1.97429e+02 2.04960e+02 4.08363e+02 4.15893e+02 4.02389e+02 6.13323e+02 1.37531e+01 1.28726e+01 1.33636e+01 1.88272e+01 1.91744e+01 1.85518e+01 2.30878e+01 9.54158e+01
9.65000e+01 2.15807e+02 2.01250e+02 2.05393e+02 4.17057e+02 4.21200e+02 4.06643e+02 6.22450e+02 1.41544e+01 1.31996e+01 1.34714e+01 1.93422e+01 1.95344e+01 1.88592e+01 2.35705e+01 9.65505e+01
9.75000e+01 2.15847e+02 2.01896e+02 2.08414e+02 4.17743e+02 4.24261e+02 4.10310e+02 6.26157e+02 1.42269e+01 1.33074e+01 1.37370e+01 1.94697e+01 1.97735e+01 1.91233e+01 2.38280e+01 9.75040e+01
9.85000e+01 2.20408e+02 2.05088e+02 2.10895e+02 4.25496e+02 4.31303e+02 4.15983e+02 6.36391e+02 1.46009e+01 1.35860e+01 1.39707e+01 1.99312e+01 2.02032e+01 1.94856e+01 2.43398e+01 9.84891e+01
9.95000e+01 2.21666e+02 2.06386e+02 2.12358e+02 4.28052e+02 4.34024e+02 4.18744e+02 6.40410e+02 1.47591e+01 1.37417e+01 1.41393e+01 2.01532e+01 2.04343e+01 1.97149e+01 2.46183e+01 9.94936e+01
