      TIME       MSD_x       DSD_y       MSD_z      MSD_xy      MSD_xz      MSD_yz     MSD_xyz       STD_x       STD_y       STD_z      STD_xy      STD_xz      STD_yz     STD_xyz        N_eff
5.00000e-01 1.66846e+00 1.66925e+00 1.66839e+00 3.33771e+00 3.33685e+00 3.33764e+00 5.00610e+00 4.69562e-03 4.69785e-03 4.69541e-03 6.64218e-03 6.64046e-03 6.64204e-03 8.13422e-03 1.30350e+00
1.50000e+00 1.42423e+00 1.43101e+00 1.43042e+00 2.85524e+00 2.85465e+00 2.86142e+00 4.28566e+00 4.52230e-03 4.54382e-03 4.54195e-03 6.41071e-03 6.40939e-03 6.42461e-03 7.85662e-03 1.88184e+00
2.50000e+00 1.65809e+00 1.65925e+00 1.67610e+00 3.31734e+00 3.33419e+00 3.33535e+00 4.99344e+00 5.57494e-03 5.57885e-03 5.63550e-03 7.88692e-03 7.92698e-03 7.92974e-03 9.69330e-03 2.10230e+00
3.50000e+00 1.87151e+00 1.86352e+00 1.86352e+00 3.73503e+00 3.73503e+00 3.72704e+00 5.59855e+00 6.39014e-03 6.36284e-03 6.36284e-03 9.01772e-03 9.01772e-03 8.99841e-03 1.10365e-02 2.18440e+00
4.50000e+00 2.01059e+00 2.02892e+00 1.94093e+00 4.03950e+00 3.95151e+00 3.96984e+00 5.98043e+00 6.96106e-03 7.02453e-03 6.71989e-03 9.88930e-03 9.67390e-03 9.71877e-03 1.19543e-02 2.26008e+00
5.50000e+00 2.09458e+00 2.05674e+00 2.01561e+00 4.15132e+00 4.11019e+00 4.07236e+00 6.16693e+00 7.27284e-03 7.14146e-03 6.99866e-03 1.01924e-02 1.00915e-02 9.99858e-03 1.23628e-02 2.27601e+00
6.50000e+00 2.17298e+00 2.13385e+00 2.05558e+00 4.30683e+00 4.22856e+00 4.18942e+00 6.36240e+00 7.66031e-03 7.52235e-03 7.24643e-03 1.07358e-02 1.05407e-02 1.04431e-02 1.29494e-02 2.36070e+00
7.50000e+00 2.18266e+00 2.13425e+00 2.12916e+00 4.31691e+00 4.31182e+00 4.26341e+00 6.44607e+00 7.58856e-03 7.42027e-03 7.40256e-03 1.06128e-02 1.06003e-02 1.04813e-02 1.29392e-02 2.28322e+00
8.50000e+00 2.27331e+00 2.23057e+00 2.26415e+00 4.50388e+00 4.53745e+00 4.49472e+00 6.76802e+00 8.03475e-03 7.88371e-03 8.00239e-03 1.12561e-02 1.13400e-02 1.12332e-02 1.38107e-02 2.37537e+00
9.50000e+00 2.17543e+00 2.22954e+00 2.32085e+00 4.40496e+00 4.49628e+00 4.55039e+00 6.72581e+00 7.60993e-03 7.79922e-03 8.11864e-03 1.08959e-02 1.11218e-02 1.12556e-02 1.35838e-02 2.31731e+00
1.05000e+01 2.30450e+00 2.24830e+00 2.31253e+00 4.55280e+00 4.61704e+00 4.56083e+00 6.86533e+00 8.08225e-03 7.88512e-03 8.11041e-03 1.12906e-02 1.14499e-02 1.13105e-02 1.39013e-02 2.33172e+00
1.15000e+01 2.27554e+00 2.40674e+00 2.39034e+00 4.68228e+00 4.66588e+00 4.79708e+00 7.07262e+00 8.10124e-03 8.56833e-03 8.50995e-03 1.17872e-02 1.17459e-02 1.20762e-02 1.45374e-02 2.41679e+00
1.25000e+01 2.26810e+00 2.39307e+00 2.36808e+00 4.66117e+00 4.63618e+00 4.76115e+00 7.02925e+00 8.01596e-03 8.45761e-03 8.36928e-03 1.16486e-02 1.15861e-02 1.18984e-02 1.43430e-02 2.37508e+00
1.35000e+01 2.32605e+00 2.41710e+00 2.45693e+00 4.74315e+00 4.78298e+00 4.87403e+00 7.20008e+00 8.29184e-03 8.61641e-03 8.75841e-03 1.19559e-02 1.20563e-02 1.22859e-02 1.48187e-02 2.42426e+00
1.45000e+01 2.32804e+00 2.33451e+00 2.43158e+00 4.66255e+00 4.75962e+00 4.76609e+00 7.09413e+00 8.32666e-03 8.34981e-03 8.69699e-03 1.17920e-02 1.20375e-02 1.20539e-02 1.46494e-02 2.44349e+00
1.55000e+01 2.43894e+00 2.42614e+00 2.41333e+00 4.86508e+00 4.85227e+00 4.83947e+00 7.27841e+00 8.74285e-03 8.69695e-03 8.65106e-03 1.23318e-02 1.22993e-02 1.22669e-02 1.50636e-02 2.45644e+00
1.65000e+01 2.31081e+00 2.50338e+00 2.45154e+00 4.81420e+00 4.76235e+00 4.95492e+00 7.26573e+00 8.29926e-03 8.99086e-03 8.80466e-03 1.22260e-02 1.20943e-02 1.25833e-02 1.50658e-02 2.46744e+00
1.75000e+01 2.51163e+00 2.45209e+00 2.34150e+00 4.96372e+00 4.85313e+00 4.79358e+00 7.30522e+00 9.36719e-03 9.14511e-03 8.73267e-03 1.30902e-02 1.27985e-02 1.26415e-02 1.57299e-02 2.69365e+00
1.85000e+01 2.40865e+00 2.54185e+00 2.45305e+00 4.95050e+00 4.86171e+00 4.99490e+00 7.40356e+00 8.86211e-03 9.35218e-03 9.02547e-03 1.28794e-02 1.26484e-02 1.29950e-02 1.57269e-02 2.61070e+00
1.95000e+01 2.63620e+00 2.41420e+00 2.54740e+00 5.05040e+00 5.18360e+00 4.96160e+00 7.59780e+00 9.43816e-03 8.64337e-03 9.12024e-03 1.27856e-02 1.31228e-02 1.25608e-02 1.57049e-02 2.44920e+00
2.05000e+01 2.41756e+00 2.33142e+00 2.41756e+00 4.74898e+00 4.83513e+00 4.74898e+00 7.16654e+00 8.36118e-03 8.06323e-03 8.36118e-03 1.16138e-02 1.18245e-02 1.16138e-02 1.43100e-02 2.25422e+00
2.15000e+01 2.62543e+00 2.56933e+00 2.56933e+00 5.19476e+00 5.19476e+00 5.13866e+00 7.76409e+00 9.39871e-03 9.19788e-03 9.19788e-03 1.31498e-02 1.31498e-02 1.30078e-02 1.60471e-02 2.44865e+00
2.25000e+01 2.61311e+00 2.62546e+00 2.66253e+00 5.23857e+00 5.27564e+00 5.28799e+00 7.90110e+00 9.35101e-03 9.39522e-03 9.52786e-03 1.32556e-02 1.33494e-02 1.33806e-02 1.63241e-02 2.44643e+00
2.35000e+01 2.39965e+00 2.32844e+00 2.21451e+00 4.72809e+00 4.61416e+00 4.54295e+00 6.94260e+00 8.55077e-03 8.29704e-03 7.89107e-03 1.19132e-02 1.16261e-02 1.14467e-02 1.42830e-02 2.42196e+00
2.45000e+01 2.79594e+00 2.73398e+00 2.84241e+00 5.52993e+00 5.63836e+00 5.57640e+00 8.37234e+00 9.92351e-03 9.70360e-03 1.00884e-02 1.38785e-02 1.41506e-02 1.39951e-02 1.71563e-02 2.39925e+00
2.55000e+01 2.56575e+00 2.85403e+00 2.69547e+00 5.41978e+00 5.26122e+00 5.54951e+00 8.11525e+00 9.18389e-03 1.02158e-02 9.64824e-03 1.37176e-02 1.33163e-02 1.40460e-02 1.67708e-02 2.44792e+00
2.65000e+01 2.72678e+00 2.52533e+00 2.72678e+00 5.25210e+00 5.45355e+00 5.25210e+00 7.97888e+00 9.84063e-03 9.11361e-03 9.84063e-03 1.34027e-02 1.39167e-02 1.34027e-02 1.66247e-02 2.49567e+00
2.75000e+01 2.56600e+00 2.31530e+00 2.90519e+00 4.88130e+00 5.47119e+00 5.22049e+00 7.78649e+00 9.48583e-03 8.55905e-03 1.07397e-02 1.27597e-02 1.43016e-02 1.36463e-02 1.66188e-02 2.63943e+00
2.85000e+01 2.47539e+00 2.27002e+00 2.46072e+00 4.74541e+00 4.93611e+00 4.73074e+00 7.20613e+00 8.92923e-03 8.18844e-03 8.87632e-03 1.21040e-02 1.25904e-02 1.20666e-02 1.50076e-02 2.49293e+00
2.95000e+01 2.55897e+00 2.42088e+00 2.33458e+00 4.97986e+00 4.89355e+00 4.75546e+00 7.31443e+00 9.29579e-03 8.79416e-03 8.48064e-03 1.27915e-02 1.25698e-02 1.22151e-02 1.53405e-02 2.53430e+00
3.05000e+01 2.54589e+00 2.60289e+00 2.77388e+00 5.14878e+00 5.31977e+00 5.37677e+00 7.92266e+00 8.91073e-03 9.11023e-03 9.70871e-03 1.27427e-02 1.31659e-02 1.33070e-02 1.60097e-02 2.32037e+00
3.15000e+01 2.33448e+00 2.45628e+00 2.27358e+00 4.79076e+00 4.60807e+00 4.72987e+00 7.06435e+00 8.13850e-03 8.56312e-03 7.92619e-03 1.18098e-02 1.13595e-02 1.16597e-02 1.42189e-02 2.29829e+00
3.25000e+01 2.93329e+00 2.60484e+00 2.58659e+00 5.53813e+00 5.51989e+00 5.19143e+00 8.12473e+00 1.05759e-02 9.39165e-03 9.32586e-03 1.41192e-02 1.40727e-02 1.32353e-02 1.69126e-02 2.49011e+00
3.35000e+01 2.51474e+00 2.87969e+00 2.40069e+00 5.39443e+00 4.91544e+00 5.28039e+00 7.79513e+00 8.70799e-03 9.97173e-03 8.31307e-03 1.32086e-02 1.20357e-02 1.29293e-02 1.55843e-02 2.26099e+00
3.45000e+01 2.71107e+00 2.52044e+00 2.16038e+00 5.23151e+00 4.87145e+00 4.68082e+00 7.39189e+00 9.47334e-03 8.80724e-03 7.54906e-03 1.29263e-02 1.20367e-02 1.15657e-02 1.49128e-02 2.31122e+00
3.55000e+01 2.65253e+00 2.67410e+00 2.95445e+00 5.32663e+00 5.60698e+00 5.62854e+00 8.28107e+00 9.69591e-03 9.77474e-03 1.07995e-02 1.37678e-02 1.44925e-02 1.45482e-02 1.74765e-02 2.57143e+00
3.65000e+01 2.72503e+00 2.40034e+00 2.65545e+00 5.12537e+00 5.38048e+00 5.05580e+00 7.78082e+00 9.74294e-03 8.58208e-03 9.49418e-03 1.29577e-02 1.36027e-02 1.27818e-02 1.60614e-02 2.44134e+00
3.75000e+01 2.68615e+00 2.63731e+00 2.53963e+00 5.32346e+00 5.22578e+00 5.17694e+00 7.86309e+00 9.87522e-03 9.69567e-03 9.33657e-03 1.38387e-02 1.35848e-02 1.34578e-02 1.66897e-02 2.60588e+00
3.85000e+01 2.65433e+00 2.75497e+00 3.03172e+00 5.40930e+00 5.68605e+00 5.78669e+00 8.44102e+00 9.72913e-03 1.00980e-02 1.11124e-02 1.40199e-02 1.47372e-02 1.49980e-02 1.78630e-02 2.58788e+00
3.95000e+01 2.67059e+00 3.01433e+00 2.82924e+00 5.68493e+00 5.49984e+00 5.84358e+00 8.51417e+00 9.30138e-03 1.04986e-02 9.85394e-03 1.40007e-02 1.35449e-02 1.43914e-02 1.71207e-02 2.29299e+00
4.05000e+01 2.79522e+00 3.23803e+00 3.07198e+00 6.03325e+00 5.86720e+00 6.31001e+00 9.10523e+00 1.00031e-02 1.15878e-02 1.09935e-02 1.52671e-02 1.48469e-02 1.59674e-02 1.88126e-02 2.44667e+00
4.15000e+01 2.43873e+00 2.54833e+00 2.76755e+00 4.98706e+00 5.20628e+00 5.31588e+00 7.75461e+00 8.86937e-03 9.26800e-03 1.00652e-02 1.28251e-02 1.33888e-02 1.36707e-02 1.62828e-02 2.54125e+00
4.25000e+01 2.66488e+00 2.63810e+00 2.39705e+00 5.30298e+00 5.06193e+00 5.03515e+00 7.70003e+00 9.26622e-03 9.17309e-03 8.33494e-03 1.30386e-02 1.24459e-02 1.23800e-02 1.54581e-02 2.28387e+00
4.35000e+01 3.11013e+00 2.49214e+00 2.94891e+00 5.60227e+00 6.05905e+00 5.44105e+00 8.55118e+00 1.12479e-02 9.01288e-03 1.06648e-02 1.43265e-02 1.54946e-02 1.39142e-02 1.78549e-02 2.50809e+00
4.45000e+01 2.64311e+00 2.28472e+00 2.70284e+00 4.92783e+00 5.34594e+00 4.98756e+00 7.63066e+00 9.30412e-03 8.04254e-03 9.51438e-03 1.22659e-02 1.33067e-02 1.24146e-02 1.55082e-02 2.35252e+00
4.55000e+01 2.64316e+00 2.79864e+00 2.64316e+00 5.44180e+00 5.28632e+00 5.44180e+00 8.08497e+00 9.26644e-03 9.81153e-03 9.26644e-03 1.34902e-02 1.31047e-02 1.34902e-02 1.63647e-02 2.32959e+00
4.65000e+01 2.47516e+00 2.23199e+00 2.78781e+00 4.70714e+00 5.26297e+00 5.01980e+00 7.49496e+00 9.05027e-03 8.16112e-03 1.01935e-02 1.21703e-02 1.36074e-02 1.29786e-02 1.58222e-02 2.57322e+00
4.75000e+01 2.57938e+00 2.99625e+00 2.68359e+00 5.57562e+00 5.26297e+00 5.67984e+00 8.25922e+00 9.44451e-03 1.09709e-02 9.82610e-03 1.44359e-02 1.36264e-02 1.47057e-02 1.74599e-02 2.58159e+00
4.85000e+01 2.86679e+00 2.49249e+00 2.83277e+00 5.35929e+00 5.69956e+00 5.32526e+00 8.19205e+00 1.03897e-02 9.03316e-03 1.02664e-02 1.37340e-02 1.46060e-02 1.36468e-02 1.71411e-02 2.52049e+00
4.95000e+01 2.86679e+00 2.39041e+00 2.52652e+00 5.25720e+00 5.39331e+00 4.91693e+00 7.78372e+00 1.03608e-02 8.63912e-03 9.13103e-03 1.34350e-02 1.37828e-02 1.25654e-02 1.62414e-02 2.50410e+00
5.05000e+01 2.78349e+00 2.09479e+00 2.20957e+00 4.87828e+00 4.99306e+00 4.30436e+00 7.08785e+00 1.01824e-02 7.66307e-03 8.08297e-03 1.26187e-02 1.29156e-02 1.11341e-02 1.49698e-02 2.57604e+00
5.15000e+01 2.87336e+00 2.48265e+00 3.03616e+00 5.35602e+00 5.90953e+00 5.51881e+00 8.39218e+00 1.04569e-02 9.03496e-03 1.10493e-02 1.37828e-02 1.52072e-02 1.42017e-02 1.76329e-02 2.54510e+00
5.25000e+01 2.25404e+00 2.18917e+00 2.61079e+00 4.44321e+00 4.86483e+00 4.79996e+00 7.05400e+00 8.30213e-03 8.06322e-03 9.61614e-03 1.15721e-02 1.26701e-02 1.25012e-02 1.50004e-02 2.61719e+00
5.35000e+01 2.29240e+00 2.72587e+00 2.82590e+00 5.01826e+00 5.11829e+00 5.55176e+00 7.84416e+00 8.38351e-03 9.96875e-03 1.03346e-02 1.29770e-02 1.32357e-02 1.43566e-02 1.65624e-02 2.57430e+00
5.45000e+01 2.76456e+00 2.62142e+00 2.69299e+00 5.38598e+00 5.45755e+00 5.31440e+00 8.07897e+00 1.03684e-02 9.83154e-03 1.01000e-02 1.42835e-02 1.44733e-02 1.40937e-02 1.74937e-02 2.72845e+00
5.55000e+01 2.82101e+00 2.67005e+00 2.48136e+00 5.49106e+00 5.30237e+00 5.15141e+00 7.97242e+00 1.02905e-02 9.73983e-03 9.05150e-03 1.41636e-02 1.36769e-02 1.32875e-02 1.67904e-02 2.55909e+00
5.65000e+01 2.54162e+00 2.96523e+00 2.20274e+00 5.50685e+00 4.74437e+00 5.16797e+00 7.70959e+00 9.03493e-03 1.05408e-02 7.83027e-03 1.38421e-02 1.19255e-02 1.29903e-02 1.58228e-02 2.40816e+00
5.75000e+01 2.42424e+00 2.93128e+00 2.58269e+00 5.35552e+00 5.00693e+00 5.51397e+00 7.93821e+00 8.49692e-03 1.02741e-02 9.05227e-03 1.32731e-02 1.24092e-02 1.36658e-02 1.60638e-02 2.32824e+00
5.85000e+01 2.51056e+00 3.34082e+00 2.35241e+00 5.85138e+00 4.86297e+00 5.69324e+00 8.20380e+00 1.01196e-02 1.34663e-02 9.48216e-03 1.66777e-02 1.38605e-02 1.62270e-02 1.90918e-02 3.10476e+00
5.95000e+01 2.93827e+00 2.97421e+00 2.93827e+00 5.91249e+00 5.87654e+00 5.91249e+00 8.85076e+00 1.05921e-02 1.07217e-02 1.05921e-02 1.50712e-02 1.49796e-02 1.50712e-02 1.84209e-02 2.48918e+00
6.05000e+01 3.13880e+00 2.49079e+00 3.13880e+00 5.62959e+00 6.27760e+00 5.62959e+00 8.76840e+00 1.11228e-02 8.82650e-03 1.11228e-02 1.41063e-02 1.57300e-02 1.41063e-02 1.79395e-02 2.39024e+00
6.15000e+01 3.22694e+00 2.78996e+00 2.89080e+00 6.01689e+00 6.11773e+00 5.68075e+00 8.90769e+00 1.18820e-02 1.02730e-02 1.06443e-02 1.56659e-02 1.59285e-02 1.47908e-02 1.89367e-02 2.61538e+00
6.25000e+01 2.91919e+00 2.61590e+00 2.69172e+00 5.53509e+00 5.61092e+00 5.30762e+00 8.22682e+00 1.10956e-02 9.94279e-03 1.02310e-02 1.48764e-02 1.50802e-02 1.42650e-02 1.80534e-02 2.81279e+00
6.35000e+01 2.34323e+00 2.82971e+00 2.50539e+00 5.17293e+00 4.84861e+00 5.33509e+00 7.67832e+00 8.63620e-03 1.04292e-02 9.23386e-03 1.34813e-02 1.26360e-02 1.39039e-02 1.63386e-02 2.62109e+00
6.45000e+01 2.38981e+00 2.74885e+00 2.92836e+00 5.13866e+00 5.31818e+00 5.67721e+00 8.06702e+00 8.87132e-03 1.02041e-02 1.08705e-02 1.34884e-02 1.39596e-02 1.49020e-02 1.72893e-02 2.66486e+00
6.55000e+01 3.03639e+00 2.94151e+00 2.75173e+00 5.97790e+00 5.78813e+00 5.69324e+00 8.72963e+00 1.18659e-02 1.14951e-02 1.07535e-02 1.65187e-02 1.59943e-02 1.57321e-02 1.96960e-02 2.99429e+00
6.65000e+01 2.96351e+00 2.86753e+00 2.72355e+00 5.83104e+00 5.68707e+00 5.59108e+00 8.55460e+00 1.09177e-02 1.05640e-02 1.00336e-02 1.51899e-02 1.48148e-02 1.45648e-02 1.81954e-02 2.61850e+00
6.75000e+01 2.48668e+00 2.48668e+00 2.15786e+00 4.97336e+00 4.64455e+00 4.64455e+00 7.13123e+00 8.95804e-03 8.95804e-03 7.77351e-03 1.26686e-02 1.18310e-02 1.18310e-02 1.48319e-02 2.48515e+00
6.85000e+01 2.75656e+00 2.58085e+00 2.27334e+00 5.33741e+00 5.02991e+00 4.85419e+00 7.61075e+00 1.04199e-02 9.75567e-03 8.59329e-03 1.42663e-02 1.34443e-02 1.29747e-02 1.66097e-02 2.77778e+00
6.95000e+01 2.78506e+00 2.73251e+00 3.31055e+00 5.51758e+00 6.09561e+00 6.04306e+00 8.82812e+00 9.69682e-03 9.51387e-03 1.15264e-02 1.35840e-02 1.50071e-02 1.48777e-02 1.77461e-02 2.29114e+00
7.05000e+01 2.81252e+00 2.39739e+00 2.81252e+00 5.20991e+00 5.62504e+00 5.20991e+00 8.02242e+00 9.46129e-03 8.06479e-03 9.46129e-03 1.23928e-02 1.33803e-02 1.23928e-02 1.55812e-02 2.10500e+00
7.15000e+01 2.93870e+00 2.72021e+00 2.45802e+00 5.65890e+00 5.39672e+00 5.17822e+00 8.11692e+00 1.02868e-02 9.52202e-03 8.60423e-03 1.40070e-02 1.33580e-02 1.28172e-02 1.64043e-02 2.32105e+00
7.25000e+01 2.37218e+00 3.14314e+00 3.14314e+00 5.51532e+00 5.51532e+00 6.28628e+00 8.65847e+00 8.39950e-03 1.11293e-02 1.11293e-02 1.38090e-02 1.38090e-02 1.57393e-02 1.77005e-02 2.38571e+00
7.35000e+01 3.20990e+00 2.71083e+00 2.98305e+00 5.92073e+00 6.19295e+00 5.69389e+00 8.90379e+00 1.15873e-02 9.78576e-03 1.07684e-02 1.51131e-02 1.58079e-02 1.45340e-02 1.85569e-02 2.49727e+00
7.45000e+01 4.22089e+00 2.31917e+00 3.01492e+00 6.54007e+00 7.23582e+00 5.33410e+00 9.55499e+00 1.46647e-02 8.05752e-03 1.04748e-02 1.60670e-02 1.77763e-02 1.31043e-02 1.91663e-02 2.27933e+00
7.55000e+01 2.65998e+00 2.83441e+00 2.59021e+00 5.49439e+00 5.25020e+00 5.42462e+00 8.08461e+00 9.48242e-03 1.01042e-02 9.23370e-03 1.38498e-02 1.32343e-02 1.36740e-02 1.66394e-02 2.42437e+00
7.65000e+01 2.57295e+00 2.83241e+00 2.91890e+00 5.40536e+00 5.49185e+00 5.75131e+00 8.32426e+00 9.34175e-03 1.02838e-02 1.05978e-02 1.38773e-02 1.40994e-02 1.47655e-02 1.74494e-02 2.53125e+00
7.75000e+01 2.58278e+00 3.05452e+00 2.58278e+00 5.63730e+00 5.16556e+00 5.63730e+00 8.22008e+00 9.81647e-03 1.16094e-02 9.81647e-03 1.51504e-02 1.38826e-02 1.51504e-02 1.80378e-02 2.81250e+00
7.85000e+01 2.58659e+00 2.88463e+00 2.75690e+00 5.47123e+00 5.34349e+00 5.64154e+00 8.22813e+00 1.03761e-02 1.15717e-02 1.10593e-02 1.55194e-02 1.51571e-02 1.60025e-02 1.90567e-02 3.07179e+00
7.95000e+01 3.20784e+00 2.97560e+00 2.91754e+00 6.18343e+00 6.12537e+00 5.89313e+00 9.10097e+00 1.16060e-02 1.07657e-02 1.05557e-02 1.58192e-02 1.56706e-02 1.50765e-02 1.90106e-02 2.51049e+00
8.05000e+01 3.01756e+00 3.08733e+00 2.66871e+00 6.10488e+00 5.68626e+00 5.75603e+00 8.77359e+00 1.13829e-02 1.16460e-02 1.00669e-02 1.62839e-02 1.51673e-02 1.53534e-02 1.91079e-02 2.76471e+00
8.15000e+01 2.37218e+00 3.02453e+00 2.84662e+00 5.39672e+00 5.21880e+00 5.87115e+00 8.24333e+00 8.33612e-03 1.06285e-02 1.00033e-02 1.34100e-02 1.29680e-02 1.45889e-02 1.67247e-02 2.34286e+00
8.25000e+01 2.23106e+00 2.58625e+00 2.54185e+00 4.81731e+00 4.77291e+00 5.12810e+00 7.35916e+00 8.14174e-03 9.43793e-03 9.27591e-03 1.24307e-02 1.23161e-02 1.32327e-02 1.55051e-02 2.56150e+00
8.35000e+01 2.84770e+00 3.55647e+00 2.64520e+00 6.40417e+00 5.49290e+00 6.20167e+00 9.04937e+00 1.03380e-02 1.29110e-02 9.60283e-03 1.64395e-02 1.41003e-02 1.59197e-02 1.89670e-02 2.53049e+00
8.45000e+01 2.52689e+00 2.88787e+00 2.11434e+00 5.41476e+00 4.64123e+00 5.00221e+00 7.52910e+00 9.33221e-03 1.06654e-02 7.80858e-03 1.41404e-02 1.21204e-02 1.30631e-02 1.60539e-02 2.63354e+00
8.55000e+01 2.56926e+00 2.21488e+00 2.36676e+00 4.78414e+00 4.93602e+00 4.58164e+00 7.15090e+00 9.49914e-03 8.18892e-03 8.75044e-03 1.25073e-02 1.29044e-02 1.19779e-02 1.52643e-02 2.64024e+00
8.65000e+01 2.48041e+00 2.52193e+00 2.56344e+00 5.00234e+00 5.04385e+00 5.08537e+00 7.56578e+00 8.82787e-03 8.97561e-03 9.12336e-03 1.25890e-02 1.26934e-02 1.27979e-02 1.55462e-02 2.41500e+00
8.75000e+01 2.47373e+00 2.24626e+00 2.07566e+00 4.71999e+00 4.54939e+00 4.32192e+00 6.79565e+00 8.69237e-03 7.89307e-03 7.29359e-03 1.17277e-02 1.13038e-02 1.07386e-02 1.37866e-02 2.34247e+00
8.85000e+01 2.33675e+00 2.44118e+00 2.38897e+00 4.77793e+00 4.72572e+00 4.83015e+00 7.16690e+00 8.61452e-03 8.99953e-03 8.80703e-03 1.24550e-02 1.23189e-02 1.25911e-02 1.52542e-02 2.62264e+00
8.95000e+01 2.87791e+00 2.57229e+00 2.52135e+00 5.45020e+00 5.39926e+00 5.09364e+00 7.97155e+00 1.02683e-02 9.17790e-03 8.99616e-03 1.37506e-02 1.36221e-02 1.28510e-02 1.64212e-02 2.42945e+00
9.05000e+01 2.61131e+00 2.26696e+00 2.72610e+00 4.87828e+00 5.33741e+00 4.99306e+00 7.60438e+00 9.55260e-03 8.29291e-03 9.97249e-03 1.26187e-02 1.38063e-02 1.29156e-02 1.60607e-02 2.57604e+00
9.15000e+01 2.61131e+00 2.45062e+00 2.18279e+00 5.06193e+00 4.79410e+00 4.63341e+00 7.24472e+00 9.59075e-03 9.00055e-03 8.01689e-03 1.31460e-02 1.24505e-02 1.20331e-02 1.53622e-02 2.60000e+00
9.25000e+01 2.31213e+00 2.36468e+00 2.31213e+00 4.67680e+00 4.62425e+00 4.67680e+00 6.98893e+00 8.16004e-03 8.34549e-03 8.16004e-03 1.16712e-02 1.15400e-02 1.16712e-02 1.42407e-02 2.36709e+00
9.35000e+01 2.39499e+00 2.02244e+00 2.71432e+00 4.41743e+00 5.10932e+00 4.73676e+00 7.13175e+00 8.89315e-03 7.50977e-03 1.00789e-02 1.15986e-02 1.34153e-02 1.24371e-02 1.52893e-02 2.66667e+00
9.45000e+01 2.25615e+00 2.49681e+00 2.67730e+00 4.75296e+00 4.93345e+00 5.17411e+00 7.43026e+00 8.33800e-03 9.22739e-03 9.89443e-03 1.24206e-02 1.28923e-02 1.35212e-02 1.58539e-02 2.63768e+00
9.55000e+01 2.16275e+00 2.22081e+00 2.22081e+00 4.38356e+00 4.38356e+00 4.44162e+00 6.60437e+00 7.76894e-03 7.97751e-03 7.97751e-03 1.11344e-02 1.11344e-02 1.12819e-02 1.36970e-02 2.46853e+00
9.65000e+01 2.34427e+00 2.49079e+00 2.53963e+00 4.83507e+00 4.88391e+00 5.03042e+00 7.37470e+00 8.30436e-03 8.82338e-03 8.99639e-03 1.21111e-02 1.22335e-02 1.26005e-02 1.50828e-02 2.38824e+00
9.75000e+01 2.13364e+00 2.36556e+00 2.55109e+00 4.49920e+00 4.68473e+00 4.91665e+00 7.05029e+00 7.51741e-03 8.33452e-03 8.98821e-03 1.12090e-02 1.16712e-02 1.22490e-02 1.43415e-02 2.35754e+00
9.85000e+01 2.40401e+00 2.45092e+00 2.21638e+00 4.85493e+00 4.62040e+00 4.66730e+00 7.07132e+00 8.48454e-03 8.65009e-03 7.82233e-03 1.21160e-02 1.15307e-02 1.16478e-02 1.44089e-02 2.36723e+00
9.95000e+01 2.15549e+00 2.47483e+00 2.24673e+00 4.63032e+00 4.40222e+00 4.72156e+00 6.87705e+00 7.68226e-03 8.82038e-03 8.00744e-03 1.16691e-02 1.10943e-02 1.18991e-02 1.41509e-02 2.42308e+00
