      TIME       MSD_x       DSD_y       MSD_z      MSD_xy      MSD_xz      MSD_yz     MSD_xyz       STD_x       STD_y       STD_z      STD_xy      STD_xz      STD_yz     STD_xyz        N_eff
5.00000e-01 1.87596e+00 1.87596e+00 1.87596e+00 3.75192e+00 3.75192e+00 3.75192e+00 5.62788e+00 5.07951e-03 5.07951e-03 5.07951e-03 7.18352e-03 7.18352e-03 7.18352e-03 8.79797e-03 1.11199e+00
1.50000e+00 1.57805e+00 1.57861e+00 1.57861e+00 3.15666e+00 3.15666e+00 3.15722e+00 4.73527e+00 4.47592e-03 4.47751e-03 4.47751e-03 6.33104e-03 6.33104e-03 6.33216e-03 7.75436e-03 1.34063e+00
2.50000e+00 1.40906e+00 1.41172e+00 1.41039e+00 2.82078e+00 2.81945e+00 2.82211e+00 4.23117e+00 4.17557e-03 4.18345e-03 4.17951e-03 5.91072e-03 5.90793e-03 5.91351e-03 7.23912e-03 1.54736e+00
3.50000e+00 1.37606e+00 1.37801e+00 1.37215e+00 2.75407e+00 2.74820e+00 2.75016e+00 4.12622e+00 4.18818e-03 4.19414e-03 4.17628e-03 5.92720e-03 5.91457e-03 5.91878e-03 7.25071e-03 1.67457e+00
4.50000e+00 1.36126e+00 1.36736e+00 1.36997e+00 2.72862e+00 2.73123e+00 2.73733e+00 4.09859e+00 4.23571e-03 4.25469e-03 4.26283e-03 6.00362e-03 6.00937e-03 6.02280e-03 7.36308e-03 1.78167e+00
5.50000e+00 1.40870e+00 1.39754e+00 1.39977e+00 2.80624e+00 2.80848e+00 2.79731e+00 4.20602e+00 4.47238e-03 4.43694e-03 4.44402e-03 6.29984e-03 6.30485e-03 6.27979e-03 7.70955e-03 1.88115e+00
6.50000e+00 1.46703e+00 1.47519e+00 1.48198e+00 2.94222e+00 2.94901e+00 2.95717e+00 4.42420e+00 4.71011e-03 4.73630e-03 4.75812e-03 6.67962e-03 6.69505e-03 6.71357e-03 8.20099e-03 1.93762e+00
7.50000e+00 1.51308e+00 1.54557e+00 1.52608e+00 3.05865e+00 3.03916e+00 3.07165e+00 4.58473e+00 4.99129e-03 5.09849e-03 5.03417e-03 7.13455e-03 7.08907e-03 7.16487e-03 8.73181e-03 2.00294e+00
8.50000e+00 1.58767e+00 1.61279e+00 1.58573e+00 3.20046e+00 3.17340e+00 3.19853e+00 4.78619e+00 5.30670e-03 5.39068e-03 5.30024e-03 7.56419e-03 7.50024e-03 7.55963e-03 9.23624e-03 2.07123e+00
9.50000e+00 1.65142e+00 1.64032e+00 1.65142e+00 3.29174e+00 3.30284e+00 3.29174e+00 4.94316e+00 5.54228e-03 5.50500e-03 5.54228e-03 7.81161e-03 7.83796e-03 7.81161e-03 9.57798e-03 2.09256e+00
1.05000e+01 1.69588e+00 1.68089e+00 1.72836e+00 3.37677e+00 3.42425e+00 3.40925e+00 5.10514e+00 5.72315e-03 5.67256e-03 5.83277e-03 8.05799e-03 8.17127e-03 8.13550e-03 9.94687e-03 2.12188e+00
1.15000e+01 1.72689e+00 1.72689e+00 1.78065e+00 3.45377e+00 3.50754e+00 3.50754e+00 5.23443e+00 5.84553e-03 5.84553e-03 6.02753e-03 8.26683e-03 8.39552e-03 8.39552e-03 1.02298e-02 2.13804e+00
1.25000e+01 1.76352e+00 1.78554e+00 1.75094e+00 3.54906e+00 3.51447e+00 3.53648e+00 5.30001e+00 5.99609e-03 6.07094e-03 5.95332e-03 8.53268e-03 8.44951e-03 8.50244e-03 1.04041e-02 2.16174e+00
1.35000e+01 1.87570e+00 1.83677e+00 1.86862e+00 3.71248e+00 3.74433e+00 3.70540e+00 5.58110e+00 6.39604e-03 6.26329e-03 6.37190e-03 8.95149e-03 9.02829e-03 8.93443e-03 1.09877e-02 2.17732e+00
1.45000e+01 1.93903e+00 1.91370e+00 1.92094e+00 3.85273e+00 3.85997e+00 3.83463e+00 5.77366e+00 6.60675e-03 6.52042e-03 6.54509e-03 9.28231e-03 9.29975e-03 9.23871e-03 1.13578e-02 2.17306e+00
1.55000e+01 1.92984e+00 1.93789e+00 1.93789e+00 3.86773e+00 3.86773e+00 3.87577e+00 5.80561e+00 6.64981e-03 6.67753e-03 6.67753e-03 9.42385e-03 9.42385e-03 9.44345e-03 1.15498e-02 2.23401e+00
1.65000e+01 2.01445e+00 1.94573e+00 1.95862e+00 3.96018e+00 3.97307e+00 3.90434e+00 5.91880e+00 6.92535e-03 6.68909e-03 6.73339e-03 9.62687e-03 9.65819e-03 9.49113e-03 1.17478e-02 2.22142e+00
1.75000e+01 1.97693e+00 2.00583e+00 1.90951e+00 3.98276e+00 3.88644e+00 3.91534e+00 5.89227e+00 6.88895e-03 6.98964e-03 6.65401e-03 9.81365e-03 9.57632e-03 9.64752e-03 1.18545e-02 2.29582e+00
1.85000e+01 2.07693e+00 2.08705e+00 1.88961e+00 4.16398e+00 3.96654e+00 3.97666e+00 6.05359e+00 7.18155e-03 7.21656e-03 6.53385e-03 1.01810e-02 9.69825e-03 9.72301e-03 1.20851e-02 2.25305e+00
1.95000e+01 1.97167e+00 2.09923e+00 2.01049e+00 4.07090e+00 3.98216e+00 4.10972e+00 6.08139e+00 6.84675e-03 7.28972e-03 6.98156e-03 9.99599e-03 9.77809e-03 1.00913e-02 1.21925e-02 2.27655e+00
2.05000e+01 2.10651e+00 2.13001e+00 1.87735e+00 4.23652e+00 3.98386e+00 4.00736e+00 6.11387e+00 7.28238e-03 7.36363e-03 6.49015e-03 1.03563e-02 9.73865e-03 9.79610e-03 1.22030e-02 2.25195e+00
2.15000e+01 2.06934e+00 1.99346e+00 2.01243e+00 4.06279e+00 4.08176e+00 4.00588e+00 6.07522e+00 7.22536e-03 6.96041e-03 7.02665e-03 1.00309e-02 1.00777e-02 9.89034e-03 1.22470e-02 2.30693e+00
2.25000e+01 2.07910e+00 1.99642e+00 2.06532e+00 4.07553e+00 4.14443e+00 4.06175e+00 6.14085e+00 7.27152e-03 6.98234e-03 7.22332e-03 1.00790e-02 1.02494e-02 1.00449e-02 1.23999e-02 2.31618e+00
2.35000e+01 2.12588e+00 2.10356e+00 2.14076e+00 4.22944e+00 4.26663e+00 4.24431e+00 6.37019e+00 7.31550e-03 7.23870e-03 7.36670e-03 1.02914e-02 1.03819e-02 1.03276e-02 1.26560e-02 2.22670e+00
2.45000e+01 2.06040e+00 2.15960e+00 2.09092e+00 4.22000e+00 4.15132e+00 4.25052e+00 6.31092e+00 7.24635e-03 7.59525e-03 7.35370e-03 1.04946e-02 1.03238e-02 1.05705e-02 1.28145e-02 2.34743e+00
2.55000e+01 2.30340e+00 2.12760e+00 2.03171e+00 4.43100e+00 4.33511e+00 4.15931e+00 6.46271e+00 8.12869e-03 7.50828e-03 7.16988e-03 1.10570e-02 1.08177e-02 1.03790e-02 1.31675e-02 2.36670e+00
2.65000e+01 2.02624e+00 2.06062e+00 1.94889e+00 4.08686e+00 3.97512e+00 4.00950e+00 6.03574e+00 7.10444e-03 7.22498e-03 6.83322e-03 1.01324e-02 9.85541e-03 9.94064e-03 1.22183e-02 2.33023e+00
2.75000e+01 2.31022e+00 2.18630e+00 2.15090e+00 4.49653e+00 4.46112e+00 4.33720e+00 6.64742e+00 8.20186e-03 7.76191e-03 7.63621e-03 1.12881e-02 1.11992e-02 1.08881e-02 1.36255e-02 2.40085e+00
2.85000e+01 2.15353e+00 2.24113e+00 2.16326e+00 4.39466e+00 4.31679e+00 4.40439e+00 6.55792e+00 7.55597e-03 7.86333e-03 7.59012e-03 1.09031e-02 1.07099e-02 1.09272e-02 1.32845e-02 2.33411e+00
2.95000e+01 2.29805e+00 2.07805e+00 2.14501e+00 4.37610e+00 4.44306e+00 4.22306e+00 6.52111e+00 7.96174e-03 7.19954e-03 7.43151e-03 1.07206e-02 1.08847e-02 1.03457e-02 1.30440e-02 2.26382e+00
3.05000e+01 2.17645e+00 2.11107e+00 2.19824e+00 4.28752e+00 4.37468e+00 4.30931e+00 6.48576e+00 7.48276e-03 7.25800e-03 7.55768e-03 1.04233e-02 1.06352e-02 1.04763e-02 1.28740e-02 2.22178e+00
3.15000e+01 2.09171e+00 2.10241e+00 2.00611e+00 4.19412e+00 4.09782e+00 4.10852e+00 6.20023e+00 7.30655e-03 7.34393e-03 7.00756e-03 1.03595e-02 1.01216e-02 1.01480e-02 1.25043e-02 2.30928e+00
3.25000e+01 2.40412e+00 2.23851e+00 2.11706e+00 4.64263e+00 4.52118e+00 4.35557e+00 6.75969e+00 8.47863e-03 7.89457e-03 7.46625e-03 1.15776e-02 1.12747e-02 1.08617e-02 1.37637e-02 2.36303e+00
3.35000e+01 2.20056e+00 2.10540e+00 2.26003e+00 4.30595e+00 4.46059e+00 4.36543e+00 6.56598e+00 7.79724e-03 7.46006e-03 8.00797e-03 1.07885e-02 1.11760e-02 1.09376e-02 1.34322e-02 2.38968e+00
3.45000e+01 2.22275e+00 2.30120e+00 2.43195e+00 4.52396e+00 4.65471e+00 4.73316e+00 6.95591e+00 7.95092e-03 8.23154e-03 8.69924e-03 1.14427e-02 1.17734e-02 1.19719e-02 1.43655e-02 2.44409e+00
3.55000e+01 2.24890e+00 2.28813e+00 2.27505e+00 4.53703e+00 4.52396e+00 4.56318e+00 6.81209e+00 7.85034e-03 7.98727e-03 7.94162e-03 1.11989e-02 1.11666e-02 1.12634e-02 1.37289e-02 2.30551e+00
3.65000e+01 2.48177e+00 2.46887e+00 2.54623e+00 4.95064e+00 5.02800e+00 5.01510e+00 7.49687e+00 8.51098e-03 8.46677e-03 8.73204e-03 1.20051e-02 1.21927e-02 1.21614e-02 1.48436e-02 2.20807e+00
3.75000e+01 2.04905e+00 2.12888e+00 2.11558e+00 4.17793e+00 4.16462e+00 4.24446e+00 6.29351e+00 7.15138e-03 7.43001e-03 7.38357e-03 1.03106e-02 1.02778e-02 1.04748e-02 1.26815e-02 2.30449e+00
3.85000e+01 2.11279e+00 2.23429e+00 2.46379e+00 4.34707e+00 4.57658e+00 4.69808e+00 6.81086e+00 7.43131e-03 7.85867e-03 8.66590e-03 1.08116e-02 1.13824e-02 1.16846e-02 1.38309e-02 2.34797e+00
3.95000e+01 2.03574e+00 2.06477e+00 2.13735e+00 4.10052e+00 4.17309e+00 4.20212e+00 6.23787e+00 7.25326e-03 7.35670e-03 7.61528e-03 1.03308e-02 1.05136e-02 1.05868e-02 1.28317e-02 2.42133e+00
4.05000e+01 2.21794e+00 2.25142e+00 2.31838e+00 4.46936e+00 4.53632e+00 4.56980e+00 6.78774e+00 7.87196e-03 7.99078e-03 8.22842e-03 1.12166e-02 1.13847e-02 1.14687e-02 1.39090e-02 2.39919e+00
4.15000e+01 2.36032e+00 2.13892e+00 2.17055e+00 4.49924e+00 4.53087e+00 4.30946e+00 6.66979e+00 8.29163e-03 7.51385e-03 7.62496e-03 1.11762e-02 1.12547e-02 1.07048e-02 1.35276e-02 2.34095e+00
4.25000e+01 2.35368e+00 2.32322e+00 2.36892e+00 4.67690e+00 4.72260e+00 4.69213e+00 7.04582e+00 8.19306e-03 8.08700e-03 8.24609e-03 1.15117e-02 1.16242e-02 1.15492e-02 1.41602e-02 2.28991e+00
4.35000e+01 2.27826e+00 2.27826e+00 2.39404e+00 4.55653e+00 4.67230e+00 4.67230e+00 6.95057e+00 7.94610e-03 7.94610e-03 8.34989e-03 1.12375e-02 1.15230e-02 1.15230e-02 1.39962e-02 2.30080e+00
4.45000e+01 2.13878e+00 2.48039e+00 2.45069e+00 4.61918e+00 4.58947e+00 4.93108e+00 7.06987e+00 7.49761e-03 8.69515e-03 8.59101e-03 1.14500e-02 1.13764e-02 1.22232e-02 1.43089e-02 2.32916e+00
4.55000e+01 2.24108e+00 2.50891e+00 2.31985e+00 4.74999e+00 4.56094e+00 4.82876e+00 7.06985e+00 7.98741e-03 8.94197e-03 8.26816e-03 1.19709e-02 1.14944e-02 1.21694e-02 1.45478e-02 2.42315e+00
4.65000e+01 2.31191e+00 2.26129e+00 2.36254e+00 4.57320e+00 4.67445e+00 4.62383e+00 6.93574e+00 8.32066e-03 8.13845e-03 8.50286e-03 1.16383e-02 1.18960e-02 1.17672e-02 1.44118e-02 2.47967e+00
4.75000e+01 2.44714e+00 2.35427e+00 2.42857e+00 4.80141e+00 4.87571e+00 4.78284e+00 7.22998e+00 8.76200e-03 8.42948e-03 8.69550e-03 1.21562e-02 1.23443e-02 1.21092e-02 1.49459e-02 2.44966e+00
4.85000e+01 2.41915e+00 2.18361e+00 2.55655e+00 4.60276e+00 4.97569e+00 4.74016e+00 7.15931e+00 8.46529e-03 7.64109e-03 8.94608e-03 1.13889e-02 1.23117e-02 1.17289e-02 1.44640e-02 2.31915e+00
4.95000e+01 1.96215e+00 2.41620e+00 2.24323e+00 4.37834e+00 4.20537e+00 4.65942e+00 6.62157e+00 7.09583e-03 8.73784e-03 8.11231e-03 1.11961e-02 1.07538e-02 1.19149e-02 1.38252e-02 2.50781e+00
5.05000e+01 2.21811e+00 2.44195e+00 2.36055e+00 4.66006e+00 4.57866e+00 4.80251e+00 7.02061e+00 7.73381e-03 8.51428e-03 8.23047e-03 1.14891e-02 1.12885e-02 1.18403e-02 1.41327e-02 2.29902e+00
5.15000e+01 2.43401e+00 2.52709e+00 2.30370e+00 4.96111e+00 4.73772e+00 4.83080e+00 7.26481e+00 8.61494e-03 8.94439e-03 8.15372e-03 1.24163e-02 1.18572e-02 1.20902e-02 1.48454e-02 2.38341e+00
5.25000e+01 2.50852e+00 2.48766e+00 2.61283e+00 4.99619e+00 5.12135e+00 5.10049e+00 7.60901e+00 8.87240e-03 8.79862e-03 9.24131e-03 1.24953e-02 1.28083e-02 1.27562e-02 1.55378e-02 2.37940e+00
5.35000e+01 2.24171e+00 2.57382e+00 2.40777e+00 4.81553e+00 4.64948e+00 4.98158e+00 7.22330e+00 7.86162e-03 9.02630e-03 8.44396e-03 1.19416e-02 1.15298e-02 1.23533e-02 1.46254e-02 2.33143e+00
5.45000e+01 2.35350e+00 2.41888e+00 2.24455e+00 4.77238e+00 4.59805e+00 4.66342e+00 7.01693e+00 8.34506e-03 8.57686e-03 7.95871e-03 1.19656e-02 1.15285e-02 1.16924e-02 1.43648e-02 2.39370e+00
5.55000e+01 2.16372e+00 2.16372e+00 2.56627e+00 4.32744e+00 4.72999e+00 4.72999e+00 6.89371e+00 7.96280e-03 7.96280e-03 9.44425e-03 1.12611e-02 1.23086e-02 1.23086e-02 1.46473e-02 2.61212e+00
5.65000e+01 2.13998e+00 2.21014e+00 2.46740e+00 4.35012e+00 4.60738e+00 4.67754e+00 6.81752e+00 7.74532e-03 7.99926e-03 8.93039e-03 1.11331e-02 1.17915e-02 1.19711e-02 1.42461e-02 2.51268e+00
5.75000e+01 2.25615e+00 2.28194e+00 2.23037e+00 4.53809e+00 4.48652e+00 4.51230e+00 6.76846e+00 8.18696e-03 8.28052e-03 8.09339e-03 1.16443e-02 1.15119e-02 1.15781e-02 1.41802e-02 2.52795e+00
5.85000e+01 2.56365e+00 2.31622e+00 2.56365e+00 4.87986e+00 5.12729e+00 4.87986e+00 7.44351e+00 9.02726e-03 8.15600e-03 9.02726e-03 1.21504e-02 1.27665e-02 1.21504e-02 1.51327e-02 2.35430e+00
5.95000e+01 2.38974e+00 2.55361e+00 2.47167e+00 4.94335e+00 4.86141e+00 5.02528e+00 7.41502e+00 8.42613e-03 9.00392e-03 8.71503e-03 1.23249e-02 1.21206e-02 1.25292e-02 1.50949e-02 2.36184e+00
6.05000e+01 2.45305e+00 2.37757e+00 2.55369e+00 4.83063e+00 5.00674e+00 4.93126e+00 7.38432e+00 8.88218e-03 8.60888e-03 9.24658e-03 1.23680e-02 1.28190e-02 1.26257e-02 1.54370e-02 2.51515e+00
6.15000e+01 2.48946e+00 2.46276e+00 2.51615e+00 4.95222e+00 5.00561e+00 4.97891e+00 7.46837e+00 8.79004e-03 8.69578e-03 8.88431e-03 1.23643e-02 1.24977e-02 1.24310e-02 1.52248e-02 2.36977e+00
6.25000e+01 2.38642e+00 2.57405e+00 2.38642e+00 4.96047e+00 4.77284e+00 4.96047e+00 7.34690e+00 8.58547e-03 9.26049e-03 8.58547e-03 1.26190e-02 1.21417e-02 1.26190e-02 1.52602e-02 2.47740e+00
6.35000e+01 2.43306e+00 2.26810e+00 2.18563e+00 4.70116e+00 4.61869e+00 4.45373e+00 6.88679e+00 8.72254e-03 8.13118e-03 7.83550e-03 1.19174e-02 1.17083e-02 1.12901e-02 1.42543e-02 2.45695e+00
6.45000e+01 2.06860e+00 2.35100e+00 2.54868e+00 4.41960e+00 4.61728e+00 4.89969e+00 6.96829e+00 7.39269e-03 8.40193e-03 9.10840e-03 1.11685e-02 1.16680e-02 1.23817e-02 1.43778e-02 2.43878e+00
6.55000e+01 2.26507e+00 2.61233e+00 2.48606e+00 4.87741e+00 4.75113e+00 5.09839e+00 7.36346e+00 8.20955e-03 9.46815e-03 9.01048e-03 1.25000e-02 1.21764e-02 1.30664e-02 1.54084e-02 2.52091e+00
6.65000e+01 2.51618e+00 2.54604e+00 2.45645e+00 5.06222e+00 4.97262e+00 5.00249e+00 7.51867e+00 8.94184e-03 9.04797e-03 8.72957e-03 1.27207e-02 1.24956e-02 1.25706e-02 1.54264e-02 2.40647e+00
6.75000e+01 2.40225e+00 2.51837e+00 2.31516e+00 4.92062e+00 4.71741e+00 4.83353e+00 7.23578e+00 8.68618e-03 9.10606e-03 8.37128e-03 1.25810e-02 1.20614e-02 1.23583e-02 1.51055e-02 2.50699e+00
6.85000e+01 2.60244e+00 2.75968e+00 2.60244e+00 5.36212e+00 5.20487e+00 5.36212e+00 7.96456e+00 9.83532e-03 1.04296e-02 9.83532e-03 1.43295e-02 1.39092e-02 1.43295e-02 1.73784e-02 2.77652e+00
6.95000e+01 2.77064e+00 2.51118e+00 2.73357e+00 5.28181e+00 5.50420e+00 5.24475e+00 8.01538e+00 1.03750e-02 9.40345e-03 1.02362e-02 1.39855e-02 1.45744e-02 1.38874e-02 1.73290e-02 2.71875e+00
7.05000e+01 2.29717e+00 2.10027e+00 1.96901e+00 4.39745e+00 4.26618e+00 4.06928e+00 6.36645e+00 8.47123e-03 7.74512e-03 7.26105e-03 1.14667e-02 1.11244e-02 1.06110e-02 1.35547e-02 2.62451e+00
7.15000e+01 2.39363e+00 2.42896e+00 2.07566e+00 4.82260e+00 4.46929e+00 4.50462e+00 6.89826e+00 8.86550e-03 8.99636e-03 7.68780e-03 1.26302e-02 1.17050e-02 1.17975e-02 1.47511e-02 2.65106e+00
7.25000e+01 2.31001e+00 2.67827e+00 2.64479e+00 4.98828e+00 4.95480e+00 5.32306e+00 7.63307e+00 8.41132e-03 9.75226e-03 9.63036e-03 1.28436e-02 1.27574e-02 1.37056e-02 1.60468e-02 2.54839e+00
7.35000e+01 2.49264e+00 2.49264e+00 2.12199e+00 4.98529e+00 4.61464e+00 4.61464e+00 7.10728e+00 9.00916e-03 9.00916e-03 7.66951e-03 1.27409e-02 1.17936e-02 1.17936e-02 1.48309e-02 2.50446e+00
7.45000e+01 2.40431e+00 2.43890e+00 2.68106e+00 4.84321e+00 5.08537e+00 5.11996e+00 7.52427e+00 9.15601e-03 9.28775e-03 1.02099e-02 1.30417e-02 1.36938e-02 1.37870e-02 1.65432e-02 2.82500e+00
7.55000e+01 2.43867e+00 2.55036e+00 2.32697e+00 4.98903e+00 4.76564e+00 4.87733e+00 7.31600e+00 8.89125e-03 9.29848e-03 8.48401e-03 1.28621e-02 1.22862e-02 1.25741e-02 1.54001e-02 2.55605e+00
7.65000e+01 2.41996e+00 2.57736e+00 2.65606e+00 4.99732e+00 5.07602e+00 5.23342e+00 7.65338e+00 8.75746e-03 9.32705e-03 9.61184e-03 1.27877e-02 1.29891e-02 1.33918e-02 1.59905e-02 2.51185e+00
7.75000e+01 2.51323e+00 2.37859e+00 2.46835e+00 4.89183e+00 4.98158e+00 4.84695e+00 7.36018e+00 9.22224e-03 8.72819e-03 9.05756e-03 1.26929e-02 1.29258e-02 1.25764e-02 1.55931e-02 2.59459e+00
7.85000e+01 2.61421e+00 2.34493e+00 2.43469e+00 4.95914e+00 5.04890e+00 4.77963e+00 7.39384e+00 8.98755e-03 8.06179e-03 8.37038e-03 1.20557e-02 1.22739e-02 1.16193e-02 1.46761e-02 2.22162e+00
7.95000e+01 3.06999e+00 2.32424e+00 2.62254e+00 5.39423e+00 5.69253e+00 4.94678e+00 8.01677e+00 1.10138e-02 8.33835e-03 9.40851e-03 1.36840e-02 1.44407e-02 1.25489e-02 1.66050e-02 2.46108e+00
8.05000e+01 2.21481e+00 2.40034e+00 2.30758e+00 4.61515e+00 4.52239e+00 4.70792e+00 6.92273e+00 7.37326e-03 7.99091e-03 7.68209e-03 1.08641e-02 1.06457e-02 1.10825e-02 1.33058e-02 2.05028e+00
8.15000e+01 2.48151e+00 2.34236e+00 2.38875e+00 4.82388e+00 4.87026e+00 4.73111e+00 7.21263e+00 8.46410e-03 7.98947e-03 8.14768e-03 1.16344e-02 1.17463e-02 1.14107e-02 1.42035e-02 2.17877e+00
8.25000e+01 2.39346e+00 2.31401e+00 2.35374e+00 4.70748e+00 4.74720e+00 4.66775e+00 7.06122e+00 8.39188e-03 8.11331e-03 8.25260e-03 1.16709e-02 1.17694e-02 1.15724e-02 1.42939e-02 2.33014e+00
8.35000e+01 2.56405e+00 2.27916e+00 2.60475e+00 4.84321e+00 5.16880e+00 4.88391e+00 7.44796e+00 9.13598e-03 8.12087e-03 9.28100e-03 1.22024e-02 1.30228e-02 1.23050e-02 1.53216e-02 2.42157e+00
8.45000e+01 3.02858e+00 2.95310e+00 2.68892e+00 5.98167e+00 5.71750e+00 5.64202e+00 8.67060e+00 1.07591e-02 1.04910e-02 9.55251e-03 1.50261e-02 1.43625e-02 1.41729e-02 1.77839e-02 2.40455e+00
8.55000e+01 2.92691e+00 2.41383e+00 2.83363e+00 5.34074e+00 5.76054e+00 5.24745e+00 8.17437e+00 1.06313e-02 8.76765e-03 1.02925e-02 1.37171e-02 1.47953e-02 1.34775e-02 1.71423e-02 2.53371e+00
8.65000e+01 2.43544e+00 2.60149e+00 2.71220e+00 5.03693e+00 5.14764e+00 5.31369e+00 7.74913e+00 8.94481e-03 9.55469e-03 9.96127e-03 1.30811e-02 1.33686e-02 1.37999e-02 1.64318e-02 2.60000e+00
8.75000e+01 2.03242e+00 2.24863e+00 2.07566e+00 4.28105e+00 4.10808e+00 4.32429e+00 6.35671e+00 7.09027e-03 7.84456e-03 7.24113e-03 1.05605e-02 1.01338e-02 1.06672e-02 1.28033e-02 2.30208e+00
8.85000e+01 2.67748e+00 2.62835e+00 2.67748e+00 5.30583e+00 5.35496e+00 5.30583e+00 7.98331e+00 9.91652e-03 9.73456e-03 9.91652e-03 1.38954e-02 1.40241e-02 1.38954e-02 1.70709e-02 2.65089e+00
8.95000e+01 2.60131e+00 2.65523e+00 2.92479e+00 5.25654e+00 5.52611e+00 5.58002e+00 8.18133e+00 9.20661e-03 9.39742e-03 1.03515e-02 1.31550e-02 1.38297e-02 1.39646e-02 1.67175e-02 2.38312e+00
9.05000e+01 2.74448e+00 2.88286e+00 2.65223e+00 5.62734e+00 5.39672e+00 5.53509e+00 8.27958e+00 9.81777e-03 1.03128e-02 9.48776e-03 1.42345e-02 1.36511e-02 1.40011e-02 1.71001e-02 2.44444e+00
9.15000e+01 2.41956e+00 2.32130e+00 2.41956e+00 4.74086e+00 4.83911e+00 4.74086e+00 7.16041e+00 8.44038e-03 8.09762e-03 8.44038e-03 1.16941e-02 1.19365e-02 1.16941e-02 1.44213e-02 2.30178e+00
9.25000e+01 2.28891e+00 2.34578e+00 2.40265e+00 4.63469e+00 4.69156e+00 4.74843e+00 7.03734e+00 7.89534e-03 8.09149e-03 8.28765e-03 1.13044e-02 1.14431e-02 1.15818e-02 1.40149e-02 2.23973e+00
9.35000e+01 2.74052e+00 2.80538e+00 2.15674e+00 5.54590e+00 4.89726e+00 4.96212e+00 7.70264e+00 1.02494e-02 1.04920e-02 8.06608e-03 1.46663e-02 1.29510e-02 1.31225e-02 1.66320e-02 2.71094e+00
9.45000e+01 2.25285e+00 2.15160e+00 2.05035e+00 4.40445e+00 4.30320e+00 4.20195e+00 6.45480e+00 8.13629e-03 7.77061e-03 7.40494e-03 1.12479e-02 1.09893e-02 1.07307e-02 1.34591e-02 2.50000e+00
9.55000e+01 2.37627e+00 2.08997e+00 2.26175e+00 4.46625e+00 4.63803e+00 4.35173e+00 6.72800e+00 8.23012e-03 7.23854e-03 7.83348e-03 1.09380e-02 1.13587e-02 1.06575e-02 1.34535e-02 2.26207e+00
9.65000e+01 2.62817e+00 2.62817e+00 2.56844e+00 5.25635e+00 5.19662e+00 5.19662e+00 7.82479e+00 9.33397e-03 9.33397e-03 9.12183e-03 1.32002e-02 1.30502e-02 1.30502e-02 1.60444e-02 2.40288e+00
9.75000e+01 2.89334e+00 2.45305e+00 2.76755e+00 5.34640e+00 5.66089e+00 5.22060e+00 8.11394e+00 9.81877e-03 8.32461e-03 9.39187e-03 1.28293e-02 1.35840e-02 1.25274e-02 1.58975e-02 2.15152e+00
9.85000e+01 3.10591e+00 2.92410e+00 2.98471e+00 6.03002e+00 6.09062e+00 5.90881e+00 9.01473e+00 1.12241e-02 1.05671e-02 1.07861e-02 1.54088e-02 1.55636e-02 1.50990e-02 1.88086e-02 2.50365e+00
9.95000e+01 2.54593e+00 2.93511e+00 3.06484e+00 5.48104e+00 5.61077e+00 5.99995e+00 8.54588e+00 9.25582e-03 1.06707e-02 1.11424e-02 1.40902e-02 1.44237e-02 1.54242e-02 1.79376e-02 2.53906e+00
